8357
43921
44502
31464
47075
25158
37060
27574
13844
44353
40342
49061
12154
7765
36807
16480
38102
7311
15449
17098
45272
28099
9678
48336
47090
49270
40882
13302
10412
28266
22884
30258
16750
44099
25935
7506
43817
13320
13015
9582
49516
49717
14589
28701
32432
17454
33021
22075
23404
24167
43435
40937
45909
29656
41944
35514
38498
47794
37790
31284
17316
18614
14829
32480
36530
42349
23272
10817
17084
42675
48997
46866
20434
32253
27948
7491
5859
5178
27112
24844
8182
23384
28782
16380
45428
25458
25605
8489
43022
44338
46927
34047
16900
36981
5719
38215
5660
22080
43726
23261
17060
15970
15386
15506
29449
23462
37670
14087
19897
23706
12978
46196
23581
29330
16047
26937
43623
25016
24337
32179
16147
40868
23716
32162
21248
17087
38007
28423
37344
27117
32104
24039
46759
10993
39722
17159
41662
29360
11751
38897
41467
11942
5828
27265
41150
25838
38080
26438
7000
35114
26789
8607
37065
44781
39031
33946
36452
33881
30213
12812
11968
29514
5036
23809
32920
42274
30249
14631
40805
17606
36424
25945
35492
10439
44531
34483
42614
6987
28167
20660
8667
28666
12531
31355
18207
16752
32669
17862
41013
33565
37683
46883
33303
27583
11953
48656
36783
13817
6027
41670
44275
43965
12915
35052
6082
23645
13440
45887
28948
11645
30281
11728
10800
39666
34768
23193
14278
29355
17998
36090
11473
26364
20732
31615
36943
40911
8108
40997
15858
15484
20539
6223
21488
16880
46560
26444
16463
12918
13184
41754
44247
39598
24893
48523
36607
12275
28396
13723
45498
12360
46329
10386
10177
41542
15195
23954
36272
44576
5420
12896
19433
16455
24578
13591
31914
22700
46848
11418
46191
31167
5853
44824
24016
13825
21892
45904
14473
37484
14789
27319
44865
29747
12404
28411
36370
34349
10997
39845
15869
49140
36528
45289
31735
27180
47720
32328
6938
39514
45619
18165
30677
23038
13074
33636
33851
20108
24375
9408
27061
21571
34865
47427
45563
28786
32984
10298
46085
12659
39095
46401
21942
8180
30949
12727
46562
9512
49173
32477
43399
35370
48046
47980
48120
5011
22316
16119
41024
45914
43238
41079
33408
45381
33587
45244
24512
20828
38174
19744
35194
9293
41743
35192
26215
49448
22500
9848
23234
31144
19547
37826
16134
39780
18251
36822
26020
36977
26315
40615
42354
41900
38348
10876
21688
28380
32546
43202
44495
17707
11851
29627
44090
48894
42231
33539
8070
40532
13841
11996
49864
40603
32583
38961
35878
14566
6735
27326
29457
10385
32156
30450
40471
42337
5655
44111
27913
39595
46160
35723
43281
40187
25313
36839
17406
48122
43602
13515
16233
33728
47345
30023
5388
23042
28542
38711
32466
24622
15229
22126
27062
30402
32258
32559
18899
8077
41947
48181
28566
22659
44658
39233
8092
45566
39389
22282
30141
39877
29698
39986
45875
18639
28404
26537
31005
39694
24940
9921
7878
21679
34646
49718
27795
48488
11757
46530
12430
49958
30783
24158
7324
36704
49563
25409
37918
8248
32330
6605
27452
35429
22429
14970
34844
30917
10897
40475
31776
47711
21001
21472
25592
15394
32186
16397
30953
8343
33175
15605
24969
35545
35500
24451
5168
42619
10212
32014
48309
13611
33014
27603
43844
24965
6563
36787
26091
43122
23066
38744
29839
32772
37345
46093
42394
20204
46799
45835
38896
43023
15306
30055
8440
10833
5078
10780
32989
48725
7748
24688
23353
32072
38417
19510
22113
25029
46390
47512
29206
15267
31250
8364
17753
46744
44922
23876
27254
21971
33372
10139
7657
25316
14606
45477
34341
10697
17303
48370
28661
13397
16499
13749
47390
13388
7128
7825
42690
45427
15730
39971
35021
25777
12069
40854
34582
24537
28108
32925
10887
29412
16347
27930
30043
39624
25754
30159
33942
26692
39662
31935
21220
41679
48121
34113
15718
19781
45455
48818
19257
48165
39417
10480
45100
48383
44160
18462
30728
16894
17093
26642
13059
28198
27651
39021
43373
8371
41166
44702
17660
33393
6892
6587
13482
11986
27769
11612
40641
24890
41698
25562
24990
5103
10059
36355
43485
42633
6462
10274
46332
24554
18827
30947
22728
10123
13478
49664
29212
48228
28293
28819
40883
34992
15347
31095
46631
6355
44432
17050
14475
33247
39716
37923
48908
45282
6628
8896
7512
6700
27939
38186
15272
25852
10013
7453
32939
21499
33117
48923
9023
32402
18601
15038
12352
26000
20586
20718
49963
27711
29588
13335
40874
10679
27217
30951
6709
26747
36537
21849
29697
6131
36077
26656
7698
39524
37947
40378
13223
22277
18618
32155
8310
25529
24028
5090
40476
17438
31181
49976
27878
37183
46632
35200
42878
23620
35628
35651
37888
27329
43560
30750
35297
7596
41434
5555
31600
26429
16690
41399
43148
39063
31644
23459
30467
8188
32705
44404
26546
33754
6447
49037
25272
24633
29658
24568
23815
34334
20876
10381
20128
23665
34898
10660
27402
10100
26851
23314
20800
13295
11209
32621
42964
45270
29345
40192
25277
26824
39400
31660
25862
19339
49518
22390
38366
48708
14919
10145
27103
38621
35276
13255
49014
7211
41468
19425
8426
10886
42526
37830
12532
32842
46894
12640
26200
49917
25070
28010
42084
9868
27998
33613
36748
33621
47177
38191
48781
16084
45348
46817
26321
12256
16971
17246
11367
12012
28351
27522
47563
20643
14502
26405
44494
16197
21357
35006
40750
8430
43758
45096
34253
48437
21121
40101
21537
39646
11910
5994
45885
8177
18968
29564
48103
11995
38954
42056
6623
33317
12330
18353
38983
39344
36067
48644
23503
34778
22185
16794
21368
48690
34316
5092
8376
35597
14047
25324
15756
46552
17824
7605
47697
31572
24923
8382
43161
47725
29848
41403
23359
23759
10360
16901
48847
24898
18430
46166
47995
47998
26403
40924
13127
10094
29530
33805
49313
7796
18310
23708
20594
8518
13739
7013
43743
23686
6076
30382
14924
23619
18378
10908
15264
8882
20473
49634
33265
38012
22383
13940
38916
29688
21970
10866
6970
35812
45715
45527
19748
9371
43008
26575
45671
27092
31529
11196
33405
35436
12803
34379
32195
23858
17520
6612
49631
38827
30166
25681
32363
40704
30127
47812
35630
37532
7473
13866
23974
16448
42864
5002
21665
8987
33882
42308
14608
19973
26418
39555
25053
31860
7026
27801
7451
19421
16393
38236
17447
48272
12070
37398
27057
12211
31569
40569
25963
45141
27212
25151
37533
18752
21101
39841
11325
45250
21826
14961
31032
25741
14003
25586
49363
28548
10647
17848
39942
23583
25730
6246
23967
31606
14644
23397
8132
29017
16085
42882
25007
20021
47161
48373
35263
14254
38386
37428
5987
20340
48145
43355
15979
28184
32138
47048
12922
21998
43848
46457
49246
29515
46747
28742
27901
24601
16186
21941
33979
10611
26251
10033
32119
43230
14617
16782
42083
13293
23765
16505
14462
22161
29589
44712
8971
23236
35102
48948
29200
12029
12308
41615
31059
15622
15844
25679
32789
28752
29411
7009
10776
35587
18498
20234
46714
8943
43575
22823
49502
8807
35900
7943
16103
13077
31073
43386
17491
42163
40863
5375
34459
38594
45764
41063
33398
32594
22294
20399
32449
24868
43716
45099
49008
30395
16997
18036
24486
14212
16099
5936
41376
46778
49844
28655
35502
5447
49752
36392
32266
39884
48657
22708
29936
25011
46349
8636
19436
5054
40743
8306
15391
29421
45965
37234
5781
35595
33804
27040
18458
22517
11693
13822
23651
12791
47178
26643
16538
47761
11726
30924
5759
18183
27648
21561
23330
44280
39306
40150
6784
6248
26487
35199
16758
24516
6729
47900
37479
31271
37464
15883
31617
35134
25405
48289
46283
48334
45032
34817
21478
35614
21935
46583
25504
8124
18552
17817
11185
27502
8406
24128
37539
32487
8761
32132
28935
43128
48175
27719
16931
40596
28208
46749
31961
8466
27471
37796
44043
24582
36837
11277
44544
41117
45426
14166
27670
24103
46534
21850
39054
30753
24648
7895
38939
7203
9588
43252
13465
20387
41396
45923
9904
46184
43945
15303
43099
22343
24291
20940
22809
22963
12784
22940
32922
27050
17014
33032
47879
22290
38527
7837
27577
28702
24110
9147
25437
38323
31053
24813
13163
39485
44813
17325
47273
42149
16664
18726
43727
13506
18900
29673
34433
48439
20863
23427
9237
34838
22341
16139
49367
20320
33799
47543
36269
40363
29295
10199
16644
21232
30747
39642
32808
12138
45358
35846
30521
15693
31764
46032
26769
31152
19256
37115
13007
28965
10299
18598
36281
8186
11855
46038
23938
17745
40360
7762
17458
39027
15788
26182
18936
30106
36146
21903
15339
44112
26815
47788
22997
16502
20749
33164
14131
19331
45820
10096
46893
35569
7882
43436
46462
21286
8057
26411
12891
10077
12723
28596
41502
40358
11297
40291
34985
43194
18257
41310
37950
35725
43523
40441
18918
37615
28165
32770
20411
22381
37000
22005
43244
40180
39599
41755
25532
26011
47591
43224
11241
43221
16364
6099
26813
38489
10519
31265
11969
48546
17089
15099
39055
49812
40896
19841
15741
39076
41800
23316
31108
17402
40373
17521
31490
24670
39119
5346
32618
25124
26864
38964
39959
27176
30781
18644
30054
15156
14960
23647
25101
43619
31361
18662
18088
5357
18232
27907
26566
12175
31624
49068
15617
20390
34328
17335
28946
7998
21734
30578
19724
19355
13974
20768
49650
25429
25629
8112
7771
24503
49741
34019
47955
30093
24739
48426
9728
30385
21624
9052
46871
27739
31133
46896
44130
34322
7574
48809
42504
47746
42953
38331
16007
24817
37291
14618
23499
10306
5630
27745
42004
27838
34491
21013
30430
40837
46669
18188
27833
43375
33306
20503
48823
48572
36621
8184
21144
15080
20385
7120
12448
20394
13489
9651
48390
38772
33126
18262
39192
37360
33935
5891
28487
31670
45531
49144
14415
7430
41562
23570
5326
32209
17733
29669
7332
29214
43208
41324
8680
39371
32949
17410
6456
49606
9950
8055
16413
26801
45314
44981
8470
30270
34924
19560
12935
35070
31848
16966
49669
16452
20417
6923
42344
8598
34284
21636
26263
5468
37132
41957
31530
18524
47915
38247
30844
41058
7646
21993
19299
16576
49747
48581
13666
8506
47532
27229
22146
41263
29655
11887
28664
28800
40716
39366
35919
12266
11326
38121
37270
41852
30400
49349
32217
21859
13693
18374
12771
32313
30036
19767
38920
9515
5198
46951
13869
41205
13799
44528
28871
17815
49028
39557
34689
48174
23454
24256
45716
12676
14534
17049
38540
7062
40898
26193
42617
10712
46590
20873
21403
45053
40485
45760
47813
19377
34972
43568
33653
32047
45450
27468
48834
36043
15953
33399
11683
18246
34989
37403
49942
47507
44540
17463
40478
45415
41060
47095
9357
48527
39878
36282
42471
20782
38403
19172
10891
43977
10120
30956
13208
36637
46366
37927
49242
49314
42392
32685
32807
5745
33159
13999
10722
24726
36929
46754
42542
20235
46620
37256
45868
46016
26582
13916
13048
6421
7051
43001
46720
49770
43910
39065
36739
31321
36071
39868
5717
49957
28174
25925
18859
36212
30640
48717
47285
31858
39531
28376
29156
23250
37361
8776
26300
13649
9133
48681
6811
5419
44558
30196
12856
45975
32670
25081
14200
19670
45188
9839
35359
25784
42413
44597
44776
23866
5286
18305
11709
36834
24771
26794
41009
19125
35541
6091
42706
43780
23821
20140
18710
5668
38465
46790
32214
43322
25851
34621
9545
31441
7110
33133
10860
26699
43604
6685
16242
16719
10681
14776
29623
9377
35462
25988
29860
6699
15045
42270
12397
45288
33080
16678
14437
43573
15892
31436
9053
46677
12636
5170
18805
22637
18930
31684
6048
40714
36823
25042
14249
46540
12248
34438
10101
38109
35774
29173
23694
48234
35246
49538
7582
43409
23613
30212
35268
12047
38587
39266
27106
40699
7974
10948
31138
46488
11105
16367
15823
39360
36463
28036
28809
21838
25596
19878
42856
13363
7419
24593
28792
42622
43744
24295
32868
37395
35618
37902
22554
19768
34183
48098
34820
15093
43134
16003
24558
23094
5206
40789
6050
13625
37765
26795
46388
11132
35028
44278
21650
24498
34715
20313
9225
41475
20781
26009
10127
17100
38166
35634
43243
11823
41380
47549
15925
27975
20215
22014
6019
17956
26220
17807
37526
23175
15900
18205
26715
18550
10160
30122
20410
38130
44091
39575
46202
26913
27461
32836
20861
14039
44468
41246
18755
11235
31636
21355
30991
38432
8231
38567
47740
23211
41363
44173
29025
25548
33751
18852
45590
19192
41767
15090
27367
8558
38221
23403
11991
25780
42950
47596
16322
38241
41364
21648
18643
12806
21851
24138
20953
37769
6704
49939
42296
45982
30919
41580
30557
42927
9853
49567
21628
16422
30484
41157
26967
41153
15695
48629
31323
14150
43405
19283
22669
44842
13088
48101
14183
14604
8897
11663
45316
22015
21525
5318
31388
45888
48822
42816
31694
6590
46324
39891
23941
33197
44785
15502
29483
17219
41260
32331
23934
37063
43011
36650
35175
17125
22996
24978
46926
31060
31927
28758
31104
44759
39804
29575
37293
14454
49907
37911
9056
15439
45793
21926
30477
29469
14162
21540
48408
46201
15400
13135
19071
34152
29790
29666
15545
16141
36398
27554
41971
16312
45136
7320
35986
14466
10307
17080
28077
43396
46207
38717
37662
42096
9554
46554
41321
19304
30457
13902
5802
28439
6592
49873
8850
29416
5347
25156
37034
36961
30579
28769
45819
38280
36144
19337
48209
14442
35683
29328
17102
48979
36648
44529
49866
26112
41171
26744
24402
6295
39576
18861
26289
39022
48286
18642
17570
38087
43801
49857
35270
12828
30051
16193
25841
33705
46242
11689
20513
22675
9842
47143
38218
23304
21178
17930
7149
7004
17636
20015
7111
22972
27592
33056
17684
17962
23187
12307
7386
47855
34405
19762
23554
47620
22183
6009
41908
12241
5818
32141
42983
7672
46845
7146
46365
20761
47730
23774
6818
37168
31251
8635
48661
16493
26649
47079
19829
20151
11121
24059
21761
32983
6372
18824
30935
6777
25768
8191
32830
26234
8632
8827
43101
49674
49888
34358
14630
47914
44912
27797
32343
48226
12164
14073
39466
16418
43777
43536
21617
10942
45911
43969
11436
35108
43157
45879
14795
35845
36040
36970
16277
40956
36548
22454
22796
32876
31638
15729
12917
26003
16494
31228
6017
17077
40077
34800
6163
27744
34036
6519
48623
30529
48536
41772
37595
12189
11832
7469
30313
30553
20886
32795
11558
18798
15665
11096
9103
22942
40736
40401
42644
38814
44519
15283
44883
40433
19583
32969
28336
9132
17311
8559
13737
12402
8794
45893
19637
43563
11342
36552
11489
27380
40338
36628
34544
16241
10445
13892
12500
30614
47096
47147
37596
8016
10754
19039
22611
39185
12017
30090
28286
37952
21788
14343
16852
9636
29062
14760
24676
43213
24718
30130
47709
49503
45227
5464
17894
6094
23050
48543
33569
47292
48596
22443
42475
17045
30824
35946
28372
46780
13855
32561
14007
43899
39952
33510
22092
38651
26496
16396
9981
35053
24702
24032
46295
22055
18555
26534
35385
19049
31442
33185
49453
6944
12760
15717
44943
13808
36660
30672
29723
13441
23366
33634
22871
39614
12839
49684
9451
8995
17255
6884
8432
40686
42711
28599
35896
43377
36131
28692
31854
11916
43843
20252
28868
14132
24140
7288
44299
39894
8935
28324
27338
26283
6403
31543
18321
28683
25469
26346
32728
30656
18952
5945
25420
10102
14620
29529
9490
12298
37624
22766
45658
8491
29846
46314
27816
39335
38708
46733
8063
36560
49350
15300
28882
21609
25473
38875
26958
32661
13836
11976
45084
31835
44589
11061
18465
41855
39863
24776
15367
28735
46088
12150
41586
35772
38466
13617
46740
43453
36965
40049
37087
13794
29395
10550
18602
7659
48285
19930
9170
7689
33500
49636
12146
26391
8396
13101
29583
28021
29186
14521
36926
12113
32302
19238
22166
19098
41722
12592
39121
45147
39383
45570
38313
37384
18356
48393
5507
37980
42094
20166
23400
5496
6530
42111
30591
39711
25744
10560
35855
23428
14901
23659
32884
29028
39921
37275
38701
42421
49639
11985
6087
44208
29220
39861
33856
35079
29467
21462
26968
16240
30392
46140
48034
5735
6910
9227
41439
9244
45562
20699
15403
43631
49649
25512
28649
16973
20735
41003
48467
9467
12428
7891
47544
30542
27781
44253
27206
14914
45545
12306
21463
47459
47182
17950
34911
26561
19963
22695
39019
21328
20846
20000
44487
41981
18497
40609
38703
22918
13889
28621
9827
49086
39490
13250
38046
31716
34040
6995
31760
42795
16414
48761
47593
6567
18588
34814
9922
8816
40256
5109
28169
35050
11046
27935
48220
46041
22220
13917
16311
19734
42650
20083
34494
12244
42022
10351
13277
27249
25773
33679
26484
30977
14053
7227
43980
35661
36278
10950
48824
32924
49575
9749
5789
25322
31890
8510
34257
23356
19913
48449
36692
16949
8533
30087
7639
35603
30099
44668
46228
32228
13342
23080
37280
44041
49970
10113
31196
13946
49186
7879
18006
46026
32236
36156
42173
16259
7078
37316
9281
48891
27880
44028
43330
6117
40427
40134
47420
8540
45104
16953
38645
45672
48510
6939
47001
19078
16357
36242
26007
19757
28911
37901
20372
47121
45565
46421
24331
49105
24903
19340
20136
40328
19109
42368
18513
25154
41945
25452
28081
28482
34186
36167
44928
23260
20412
21362
29159
35619
22798
24619
42934
41368
44457
48268
12937
36328
26381
30710
29474
14764
40047
40582
20244
36651
38992
43370
33201
30517
37328
23490
16160
13403
15943
8951
36712
11787
30124
26867
28357
28502
32802
36485
35152
31221
12616
46963
48109
13366
6961
20059
12779
40025
35796
48615
35718
11455
20217
40697
38093
27666
37180
23410
42957
13066
43382
19792
33809
27262
15597
7723
12026
34662
23533
22404
44290
34064
38654
27006
33954
43634
31522
38231
44640
7135
10373
16165
5980
35253
37131
21407
47208
9713
45901
20609
5220
44074
16731
35767
7631
12742
16108
33783
42051
23153
27551
42800
24228
29126
46730
5796
41630
25691
7040
39897
49187
12013
22768
11407
22095
8263
34977
9129
47925
10919
9480
10849
25590
20294
48731
19453
15655
38723
39402
12794
7438
21864
47232
9564
32711
8766
15572
15548
26398
24706
31420
24674
22357
40452
18820
22826
5431
35470
30308
15935
7141
46909
32548
15019
37749
24514
38378
23150
41578
23069
7104
44787
40586
47565
14135
18481
23349
48079
16641
45505
24405
32084
44863
16320
38151
42166
21119
41474
27079
28967
7064
15963
16429
25350
15568
38399
34339
29462
24154
31931
43169
28892
41287
18041
5940
29890
7175
20827
43756
18551
33220
49308
22744
18609
19779
42509
39428
38915
29111
5005
42196
9212
16224
16343
9592
14965
12023
31616
40281
18173
27420
20945
37912
37081
45702
29539
41004
21981
25954
24199
40369
36459
26627
6491
20928
10651
30468
10729
37580
38573
10587
5136
22109
43597
19367
48513
47728
5631
32362
23055
11808
9759
48389
18703
44191
47115
35004
43827
11119
33041
31561
27683
10564
46717
17967
10461
31956
47378
28227
45928
24517
17020
47188
20685
49863
39714
44639
13952
8739
8236
36374
22692
12489
19562
6899
11045
43094
21547
44613
29101
15981
6514
48440
45814
25989
48676
33922
44424
37037
34901
45309
47880
8349
10281
5189
10441
17529
12667
31014
36449
43451
11755
16791
36359
7253
42648
20095
38107
46879
31540
31710
7805
32083
11967
7867
43143
32994
30802
37251
9769
19458
27695
5145
36717
24169
24639
21535
29519
44020
38209
24121
49422
6887
48227
17372
10325
13930
33176
36365
24413
25214
37809
43439
19766
22243
24284
24342
46807
49760
39259
11720
23918
37223
47364
18221
9604
45735
35582
15134
25257
27539
17151
26497
12302
5073
22441
24139
43737
19860
27933
18069
24195
46511
47521
37641
32700
32747
5740
17291
33647
40812
49136
13839
41598
43442
7299
9091
32500
7520
25990
37741
48200
31180
36180
10437
41838
10280
7575
14468
16459
32159
30771
30021
49226
30504
29783
6990
43163
22482
35403
15543
24534
7187
24777
46855
23296
46210
16006
44841
18466
47883
11029
49597
17152
6661
32020
19213
22820
39659
19795
8820
42236
12909
23657
32181
5185
26774
14865
25893
24298
48371
47144
7728
16313
36166
9189
40536
48565
34983
29786
36605
44128
8200
43112
7530
6436
26467
6486
13131
11589
35811
37495
19210
33567
37666
36813
20836
13742
10328
39685
43819
11365
39179
19725
30702
20403
31434
34157
20600
22779
45749
40480
28378
45552
32800
44132
36681
40437
29651
41264
22326
49804
8379
43270
24677
15746
19412
49120
24314
29170
30008
34891
29494
47388
31234
39345
41419
38401
33528
26728
39357
11975
11022
24962
40513
34502
14126
31351
8122
31381
12724
30179
23784
28093
23781
45218
31528
43525
8683
18126
13646
33698
30403
48775
16454
7361
41366
14635
44220
39221
45717
48222
13413
9584
16918
18480
40098
10798
46468
28680
14986
35209
33312
10518
28730
16800
6875
49080
40653
20976
15914
33947
44003
26277
10926
44975
11754
39275
9186
47514
26070
13035
16439
16581
34986
10382
28874
31409
12630
43329
14398
22202
32067
23569
28540
20651
28095
44464
33872
21760
37754
13451
47976
13680
23667
36626
23091
21602
43052
34352
19062
7941
31334
48255
49116
29215
7870
28594
38431
30035
29744
11568
28645
48080
44326
13891
22585
27427
25267
34077
38334
37795
40075
16924
25502
33582
17301
13868
30125
24104
10062
22758
9541
49809
40110
28844
14152
26134
43847
46688
25806
10347
18474
32224
17254
42756
7218
45264
7010
28846
46785
23637
13084
46161
33444
20113
44972
40692
32004
14443
19084
14537
8879
41492
44853
33867
46984
13596
7811
36458
18015
41478
31473
21217
19630
10939
40431
15951
21809
45616
25884
49932
23497
34585
34082
45827
15244
47354
49713
34069
48031
49032
25153
8697
28665
7350
13633
25561
47579
37347
48057
11625
25486
18333
10631
39875
41554
49013
42583
7083
36662
27841
44323
47535
34403
42458
15982
46029
29391
10056
11563
47526
24057
22351
45123
20469
35799
22704
30082
27242
39083
15945
28750
5250
31007
47656
44198
37771
20899
25613
11123
33743
26768
22081
47613
20599
30810
39823
28684
35537
23901
49762
26786
5812
36360
45577
20363
42952
42297
13461
5975
15473
18226
39037
7793
9944
39269
41339
26792
32940
36527
13670
38338
33764
32921
23452
25006
15887
29150
13387
32246
30989
45963
22497
40418
36230
27506
46822
38768
39525
14985
21167
30348
29635
29804
49504
30595
40229
26908
15100
43209
25750
28915
36886
38529
35063
29495
10236
5585
39299
31146
10805
31610
6790
25870
14422
29730
42348
18866
40821
9615
23312
33789
8262
33995
8273
47081
35678
14044
28746
8429
15224
23585
40916
8735
31632
10315
29074
22882
13206
23255
29180
34214
23434
14219
23006
7037
35298
25633
24184
37191
5608
30927
17525
42789
19504
34580
46773
14037
24270
45168
18094
47988
31170
25034
34721
19644
24545
22445
37153
28616
37052
18091
18071
42425
26366
27247
13767
16603
38924
14176
46409
27366
44330
32723
43603
6154
13155
37964
38020
37198
15123
18155
29517
16487
47156
11488
46378
20804
46345
38845
40295
32619
44408
24650
37365
26219
5850
43069
25844
14495
34746
21585
27107
40079
30807
17111
15299
36952
9586
17704
48509
49294
26758
34919
30887
24163
10039
9970
7838
32563
31262
32317
43962
19017
15291
13755
49231
42031
22657
23776
13919
27138
35624
23148
34419
28096
22839
30577
36594
44855
30291
28125
17757
28207
17104
47577
32489
8737
7731
6878
35150
39650
36270
31372
23164
25999
43280
48919
26638
13377
14435
21676
47229
23146
27044
15666
44181
27439
29447
48993
21432
19150
39399
32665
16862
22004
8920
12107
40223
28512
21024
9971
16288
28525
43098
28960
19264
13236
35204
45422
21107
25287
35642
10379
19972
37206
26166
34907
30283
16839
8748
28739
16356
27923
25622
38286
5367
36142
10851
18042
48448
30897
43368
11853
24382
17352
14746
48840
25620
20946
10573
47183
34350
14809
17523
30929
10263
21011
39043
15061
5433
5422
23739
15697
5571
30637
43702
43306
31383
42402
41154
15320
17136
5340
26980
28929
24178
46666
20367
33890
16324
16191
31161
12904
44229
48069
33713
30115
37097
25166
40443
44767
16036
15130
34505
13736
24591
41964
25025
46005
36028
7691
28507
26951
22961
47103
26217
36640
7071
32273
6029
31699
29967
13454
33601
43544
46913
11896
25137
5523
10874
37597
10076
40960
23340
15815
34994
46425
9753
32613
11752
18566
7106
31424
8684
34806
26585
18636
41621
35269
48084
46144
26151
44858
29497
48648
13718
46357
7521
38452
30456
12800
37945
41183
30007
12371
47600
26044
8728
19900
35038
11708
17340
7063
13912
27757
44084
30329
41254
13645
6826
24541
31492
6269
9385
25093
27934
30425
43939
37782
29604
12497
49856
36116
45021
25765
45300
23777
9470
8911
49123
20233
35110
30809
29155
10488
21250
12119
45693
17650
32310
12264
48011
36934
13683
27225
17044
44727
12769
29753
7955
18422
9526
34893
27889
44814
6864
33024
10627
12251
12044
17575
49160
49507
14576
42182
39924
33988
37893
5661
5064
22754
12801
11049
49279
34194
43653
15053
36795
25814
30851
41392
20575
43767
43226
31154
32459
31671
29385
40616
18788
29946
25400
13051
36383
49321
20302
38206
36991
21308
29715
7172
32911
45935
5396
6167
16803
48339
22916
17421
21828
39961
38105
44703
11362
26921
46291
11803
33492
38475
32412
31954
10597
9135
38966
30480
22114
45618
23133
7682
14882
40768
16569
25981
30868
27936
49414
40769
5355
12247
18359
21643
48435
40800
29049
39569
5223
34736
6153
20116
29750
28873
7617
22559
8729
35820
7588
38389
30454
14312
42455
44022
32257
29945
48782
41417
36513
36152
47280
7721
15715
34000
7558
5951
41879
34653
20825
47648
29312
47002
37572
23224
49327
32087
39708
29733
49955
19092
33469
23768
28753
12861
6299
39574
10448
27036
9392
11358
26241
10731
39224
8368
7244
35560
27314
38985
29039
44094
25912
42417
15275
39535
45434
38161
7927
20388
22621
39786
39403
13080
37618
14075
19265
24519
43644
19798
40273
49212
26165
16144
16430
25148
34540
30032
12981
30352
37140
12696
8265
49284
20452
18938
38836
40268
23893
10819
10847
37509
20620
29829
26632
25059
45713
45710
39929
44503
19877
22537
19662
43894
30047
25328
34004
39983
44661
42574
21157
42113
22444
11368
27749
34958
40041
23947
35908
10690
21400
17500
38563
16121
38009
5392
12022
23926
29443
28074
23695
44162
5736
31983
11192
24695
14675
18189
22936
22197
35397
49179
37088
6564
32010
26809
45753
38647
27018
40926
18622
6958
36623
27791
32632
34939
37331
23446
25162
31084
26680
15998
30289
33974
19353
23173
38351
27276
44760
12671
12980
23320
45467
28204
25095
11406
31634
22910
20653
44649
26884
48601
11107
5657
30507
21196
14251
32562
48045
49789
7967
27017
5748
47695
20291
20087
39627
38095
29470
33538
6731
10972
18074
18193
12539
35095
23592
23714
19063
43493
13800
13324
34764
35236
38006
41570
7215
10595
47881
32320
14004
38628
11149
40691
40404
35794
21513
44845
42098
31487
46976
43629
22420
24564
17154
9855
15915
26469
24765
25996
14873
29061
46478
41523
26169
34292
45626
37847
44839
39632
27518
44924
29960
28986
48957
42120
19164
35622
9130
29108
10073
39171
18392
43866
7308
46705
46199
26061
48403
5032
40132
45459
9854
40459
7902
10784
11977
44908
26135
21664
37313
33756
46412
47968
25023
49395
49276
31855
23249
33149
15496
30056
46037
8634
12738
9675
45187
25433
26213
38908
31148
43997
35427
46276
22958
46079
31019
36143
24613
21764
14159
7876
32323
27156
29587
12498
30888
42285
46819
13518
34950
48189
36140
41132
8747
17648
12991
43692
45436
6174
38370
48042
13798
5376
35578
20011
46234
36487
17082
44667
16767
36647
41002
28890
32971
44367
47581
23174
16996
28009
14720
12852
29029
27546
37074
45297
9184
28639
18959
43448
31273
10392
29504
29752
27631
18487
46135
48264
49460
43359
28852
28720
24821
19374
35132
13382
21253
31240
31315
37003
7003
42478
45115
26354
21059
14139
31837
17764
12407
36916
12483
19952
30738
6569
5633
17742
30070
28065
18395
15213
28708
25370
23611
39600
31534
45030
16287
44679
7791
17021
24201
37474
38192
49891
38014
29251
23783
26211
5575
7185
39244
36880
18118
19252
18258
41269
7170
21352
21735
47719
20027
13748
34219
20351
32274
48896
9015
34201
34440
49167
38659
36853
18377
34935
17070
33788
17544
21553
48248
30608
46139
21964
28322
34278
17695
19405
37957
23663
14071
31637
34475
41831
25183
42405
16391
5654
31222
26129
34560
43282
34209
15992
5211
32038
28625
48364
5912
48054
11758
42989
40210
44956
17249
32494
20769
6014
15012
34102
22458
14522
26076
9534
24774
19993
32584
42306
40730
19064
36915
27673
10103
42234
9358
22367
27183
44007
29484
32403
13604
5233
32764
41909
7402
34294
19155
11097
23253
35064
49489
34233
46414
41118
35109
20908
24166
7969
24643
48280
17360
41455
30287
40211
11000
31771
26661
17177
12303
32672
33629
27071
26894
41731
44465
29824
14781
37507
48223
19091
7753
24161
25040
24547
34355
19368
46053
15644
21618
9076
27822
36755
14220
44626
9328
16478
9537
30117
41394
47335
31088
31173
13507
35681
40950
49850
49427
5460
6651
7484
20102
11106
38850
14383
10023
44222
16217
32074
45606
31742
42765
27238
7829
40275
29060
12217
47404
28071
23388
24605
11265
21041
26918
21384
38448
47286
33573
22727
10795
15843
30415
12238
38284
27227
35166
49091
8269
41237
28483
5210
22874
15353
15201
10873
10667
31866
22761
24579
18674
6666
39880
16361
47845
45815
23483
14364
25991
25118
33563
31063
9066
44027
45534
22830
31092
32312
30594
26100
21383
38763
18772
10693
27200
23067
17101
22515
19822
49034
29420
29289
36062
16289
42066
7592
5266
36361
40207
49303
48155
34526
48977
18234
26544
11524
6914
19054
6390
14838
47985
21284
21906
14345
21330
17350
28309
7098
28794
26558
18442
25480
23988
23419
39369
34903
6780
15678
48796
19035
43312
44984
26504
45122
37814
40620
40791
26401
8483
26107
18730
32211
39207
13752
7658
18553
24932
28285
20061
37478
7209
46134
44049
32565
36207
21685
17665
17646
46998
49065
41089
19863
36791
24588
34685
41728
36416
9386
22422
31396
17075
43679
38419
33795
6873
37716
33951
48726
43323
42292
27273
40763
46638
9608
13574
38524
20943
38557
16610
16479
20269
6008
31112
33850
20985
20956
42494
27929
44684
30388
22008
47588
12156
20475
5578
8590
35386
19890
46594
44166
27271
43722
9241
24097
46752
39197
29285
48381
35057
8152
45991
46023
35971
41416
42132
48301
19312
9687
15840
42939
28723
38336
13687
43728
24599
39945
31368
18018
49012
6282
42497
35363
34326
6306
42567
9949
15702
30095
44355
6023
36864
49800
32050
29942
28076
15768
47970
7079
25230
46293
31386
39085
36340
17419
35183
37766
33070
12911
20198
48324
27347
37475
47341
21703
10811
41912
32531
8585
35998
15626
21137
44952
12605
20951
40841
23235
23363
8069
39284
45847
45286
11521
32923
5439
21916
28115
10377
44707
27116
7147
25977
30641
36470
46503
11877
34975
39492
13032
41144
40991
43662
37219
20058
47578
41749
43957
30945
40592
19076
25998
43253
14962
41195
12585
43367
45341
41996
10648
31435
24713
17881
19684
15884
14297
11503
38963
12775
40451
19638
22875
20284
27675
40329
37694
33177
8553
19858
22502
5840
36764
14541
23510
32716
28861
28673
49657
33894
38788
26164
24299
46510
43428
39767
48715
33965
33639
32851
28121
16118
49539
34484
24656
9099
19848
8192
23971
14818
34654
41130
43491
43326
15632
12185
44064
43480
25479
25670
18214
40601
31411
9320
12754
49975
13419
13593
12656
42275
45478
25751
14861
22905
29904
41283
45555
13368
46692
19079
7196
35035
6891
40032
19475
20959
13091
7808
14193
29784
33066
24376
34520
44135
40434
17923
26618
33878
23477
36126
30774
32668
21562
48973
24141
25210
24982
6347
11285
25487
37457
40028
48265
45731
45502
28749
46629
20949
46326
27884
26342
29276
27374
12940
16200
22697
8372
9298
28012
49265
9810
28267
25559
16684
30250
33548
16360
21502
40033
16125
7579
23269
13105
13998
17790
41966
21155
5473
5313
42895
44929
24743
43402
46667
38181
21834
38132
5561
45407
47491
6917
13675
23329
27892
24784
19936
29336
29797
49916
13467
31862
45480
18494
28895
45603
17774
32690
15382
30131
21491
14224
14498
36963
11900
8964
26360
26191
41303
14670
44548
23047
20506
29988
12566
44268
35089
48680
7492
46316
17013
5986
35816
37844
39656
19469
37213
17731
8573
45130
13137
13942
31147
36326
15311
41248
33119
49568
12162
32284
8934
31025
25263
37930
42965
25721
47771
18998
28811
5053
45179
35332
30928
41199
41545
11867
10058
34299
29925
31003
47369
35243
41014
17457
14093
26384
29453
14430
22566
8053
26333
5782
11465
36490
37797
12883
34716
7768
11413
26148
11921
38019
40423
19439
11534
13278
14215
21433
18725
46098
12510
33560
30909
46278
33248
8512
38968
19827
28344
10030
5583
5743
34875
12036
31934
12797
37073
10607
17202
9005
40000
29446
43796
7559
41285
22947
44742
45437
43067
34623
31513
35835
5272
37588
26922
49676
38423
21747
7643
13079
40085
47320
33549
5155
10226
8425
24480
11479
10966
48258
20988
47019
28845
12783
29310
9210
30706
22512
19321
9726
41185
9591
36050
25715
35638
24988
21002
13299
26833
19850
48688
25982
40980
31506
11857
36659
33470
26408
15748
41892
34310
24282
20453
11290
5297
49469
15641
31198
10210
48998
21742
34711
35005
36502
23418
27307
12726
39848
5322
38225
39615
41427
10893
21027
45362
45397
32844
18331
7640
49965
47965
34553
16475
41979
41294
35321
17216
34421
36189
37890
48321
44251
26693
35763
38550
47468
24492
31744
34631
11944
44239
11439
40917
14171
49339
30581
48144
41593
37343
35456
13415
6621
42973
12722
42193
38700
8492
5082
42057
26829
42090
45856
42979
21161
41535
17718
30756
35989
22240
5572
43403
12242
42607
35800
43580
20727
16814
35771
6730
22862
16717
42493
31301
6665
43864
9969
23441
44806
38011
26760
19031
49587
18181
10257
19704
19506
47800
17785
36391
39996
26269
20750
45998
32515
20054
20894
26559
6676
45805
41934
23406
19408
38078
39195
17877
18259
15285
22855
18793
41768
15361
26738
6252
42884
29551
27393
18354
39108
26596
12204
47476
9865
37626
13159
37110
35605
18375
35740
12491
36478
21181
31933
43587
40178
17317
40038
22688
33309
11470
18804
23281
38195
44939
6289
5365
13698
37883
27020
5300
43762
13081
31663
15402
28662
14331
16760
6375
15778
44682
49346
19149
29932
6609
22786
35118
36632
8285
42002
38630
49791
29706
43959
42774
35365
16601
12464
38634
44200
23808
32520
20714
7058
23846
28996
35280
39623
24556
34519
33507
7038
35847
34158
44615
6620
21736
35708
37764
42714
17898
47858
40649
35418
25519
15941
26737
42654
27309
33295
22237
13424
8863
41266
6801
6872
27865
33680
18897
37737
42569
41675
39762
6554
19760
24206
26239
48922
18220
10111
24240
40410
33130
8362
38519
43296
43033
25271
21837
36846
19385
39862
21466
12412
38164
35990
12591
43093
49867
46104
21262
40758
14211
41840
22016
8967
22423
35135
11780
34236
7654
42209
8139
18686
10676
38293
14374
25994
41592
21731
38512
6793
6812
35240
49376
43172
38577
31282
49146
26944
16928
39267
12016
36320
45980
49281
39583
20617
5597
45336
9531
38471
24479
10591
43437
49227
48677
27587
15932
28443
9157
35258
45651
12074
37030
15413
40585
49169
32027
29480
11701
34393
5787
42379
48755
26862
7477
12778
38761
16060
20504
32872
20909
22485
44083
23386
14284
23522
6315
34859
35574
18547
39397
30251
32469
23343
9484
6854
24944
20589
16381
48709
16917
36276
48029
15006
47905
16420
40319
5102
38641
49082
45153
36309
20182
20990
37855
5381
8526
27519
10583
36821
41582
40216
24487
28059
47652
21844
38405
17993
43149
40326
33260
41906
13741
35999
24933
21832
35489
6092
37229
7067
17901
26105
39621
14247
16608
43042
23431
10882
27756
28671
28352
38639
39211
12461
33766
28820
8543
41587
49632
19687
6829
42561
5291
17884
14659
44860
13407
38705
18538
37430
5801
30777
13958
27074
8226
5319
7162
28851
34315
7937
12441
27715
21900
18361
32039
43046
31114
7861
24464
46696
14440
36231
16473
36089
49251
13809
6077
24598
44560
49990
5033
39846
16401
47087
13050
29572
41465
38495
20049
39843
16035
33796
32848
12805
16124
49338
27497
20888
40013
37649
31618
8354
28553
27805
32314
28978
38436
29843
20969
36332
46266
25829
42802
29409
16848
7095
28944
43158
22003
10279
34203
7554
27263
29621
31295
35825
22317
47445
47241
45491
6062
48167
48313
11129
42042
29703
20581
14458
6690
20610
17643
31009
6446
31730
49384
34843
13287
6804
46047
48580
39634
39177
21427
28434
24973
47237
38363
16123
40651
27488
33964
23154
47576
32773
38434
40943
47264
27501
28657
43934
28045
17788
24150
14871
40065
33866
36196
41540
5317
48142
6065
42087
11113
46119
9272
13884
29682
21091
9319
28822
30433
12946
42374
8962
29249
25655
40246
44476
6989
6256
13063
18896
27846
21058
19219
34245
31909
12057
45912
33983
10296
40142
30265
29562
17004
9486
11522
5519
47679
35923
17564
7730
31675
45759
17594
34452
20463
9016
49815
46203
9360
5287
20844
17198
30992
25283
38157
46410
18104
39784
20871
38780
10084
20535
30872
35455
5458
48160
10041
15964
42323
38911
13265
24185
13691
36751
10546
5193
38847
41119
47624
45792
35001
37232
32124
38033
19778
49211
28466
11565
44437
31399
5171
23125
29135
43774
14080
32359
44954
37318
36235
20298
24663
48302
6762
43917
11036
40958
41604
30528
27412
40516
47456
38622
47455
6183
24445
5667
33005
49094
6380
15263
36578
39359
35055
5880
30882
14705
13535
48710
16882
23491
32110
42170
46411
41225
44489
33736
41470
35757
11891
44793
29302
30663
6205
27859
47131
21982
33820
46335
16048
40846
37972
40193
24879
16390
6504
28776
32751
8028
32016
21411
13548
29335
28002
35329
35654
31428
37665
23715
28900
16895
28699
24644
7550
49148
43665
25240
38437
42175
15839
8195
34085
28899
39441
16284
12434
23661
38332
48006
5679
21436
22528
38858
22696
6877
26367
35348
17386
15158
9483
34312
10078
33889
25445
32544
35904
25813
7303
42897
8709
41705
22292
32239
48502
28022
49556
24935
30840
46052
23601
34314
8629
19825
33016
39008
23033
40872
14663
33421
14831
15790
32947
29278
17183
23839
20545
39494
13751
43966
49024
16774
43766
33915
49159
45274
27115
40196
31373
37721
7542
28958
8424
20489
7970
22358
38277
38819
25710
10408
11317
16860
15235
43753
39413
49500
39748
41544
9621
11722
17359
40544
42796
31096
20688
11948
40099
15497
48059
40421
37931
48554
33545
14062
41335
21604
48456
31375
25262
25041
17117
11743
11529
36778
20193
37405
21412
8020
10553
18108
17073
20222
47380
25922
34644
15744
49681
14587
38238
33318
33487
22890
29536
11886
45657
25621
7313
22638
35645
21221
14951
42609
24518
38670
32993
24482
26543
24235
21509
14207
15066
18448
33272
47602
21227
33418
18864
25816
37111
24125
48722
38058
44809
5159
20955
36221
18033
46188
7212
45383
45417
10733
36061
38250
39249
17226
35401
23814
24462
47824
5261
44390
43147
33961
44990
43037
32166
25488
44448
28951
10600
30171
33222
10675
8574
31588
44139
45675
7637
43341
46771
8952
20854
42299
32197
49449
27469
20537
43952
26078
22242
25545
33862
37022
11093
35161
29871
45430
25320
24056
21554
28310
34028
28805
43748
9716
7717
31444
33342
8295
22743
25298
34845
35230
32988
43277
5499
49869
40143
19838
14887
22832
24885
38354
21517
38794
6155
6237
6949
16619
16460
25582
11771
26309
5724
20929
13228
14819
10477
25406
48727
9265
46875
44739
35573
7328
5816
20538
16734
7283
26581
14936
34162
39552
13879
44514
19354
11164
41835
42161
5238
22795
8762
37248
23010
41848
31035
10740
47137
9270
9530
11076
18325
47503
48072
28779
18508
33494
44325
37703
38729
46428
23034
13300
44307
39046
38439
37245
39473
32708
34821
22574
5898
29679
49066
33161
29769
13695
7735
49555
42215
28555
10990
8808
37160
35129
26202
45334
5273
5629
16792
8723
49665
22966
48854
37069
44980
17735
43686
16394
29819
7277
36958
32139
15493
10605
43599
35911
28080
27275
33374
35356
38402
41338
11692
21090
47926
7570
39162
49899
32351
29353
27700
14654
37400
9748
45242
5121
5268
14707
26285
22334
26428
34106
28957
25570
15966
44185
9102
29598
49745
30364
30787
18253
47834
17715
19090
45201
31965
24220
25578
39849
14218
16451
45703
48246
10146
7368
39136
15906
34458
21640
12619
21392
8587
42712
14276
7557
10538
36504
33953
18969
11351
32099
12376
48999
26853
34037
14830
24887
43792
21715
30878
41782
27526
7417
30462
21364
33997
34216
31201
42685
26404
19870
6673
36529
46925
9767
17178
44336
42058
30097
34796
8447
18747
27496
12521
41160
40450
6932
37914
47689
45020
31286
35932
47040
18578
38613
30405
9207
46513
6080
14230
21908
39955
36562
17030
42533
44736
24001
46813
8630
5351
10363
12152
41777
20895
28564
45818
49817
18867
25577
30349
36511
21012
19826
30957
38311
21072
19068
41476
30586
49620
25279
43595
29033
20573
45756
21996
16182
32340
13432
29389
16428
39080
47983
43527
13750
49268
44480
24941
34375
19708
38935
21258
21037
35580
32441
15694
30370
41710
24690
6016
8862
45945
39465
35266
32114
15653
49998
46844
40224
32280
45964
13897
47872
48394
27045
22289
48899
8637
48252
10425
44690
21606
14084
21095
11765
24709
15851
38025
41521
21592
41528
45727
28514
30188
41968
41071
5619
27728
25359
6393
24021
17445
10065
49122
31957
38593
31333
33544
39411
17706
35936
5395
34420
6376
6886
30177
25146
34409
14971
32160
21447
17818
46273
11054
33075
10255
26021
42176
31098
23738
25659
9645
33472
32062
9796
42240
29056
12033
11272
18114
39758
26834
38459
30445
42988
11856
25159
22270
19712
13681
39386
49289
40968
15202
35555
19962
12190
40845
32750
9736
9650
26576
42342
7897
20157
6044
41453
44433
21623
31621
21176
10963
13981
35856
28265
23813
6026
11685
22370
42898
36045
47863
13788
24247
45723
40936
47662
23202
25955
43045
6996
14594
34471
47020
14491
18141
37341
32603
18264
26306
12921
45951
44372
12836
6953
44034
30219
9079
6362
39918
12187
35631
49234
30604
27281
11684
15853
19548
45812
43507
30877
13436
39900
15492
10114
7105
39157
22187
46034
14532
32472
10157
16856
6993
48632
17803
24343
41019
43655
45409
8941
7820
48537
35741
48329
35083
12445
42724
47622
24124
27863
22188
34737
6316
13056
7271
27358
11864
41692
25293
49693
36016
16168
19579
14766
41217
19688
30527
47171
11338
27437
17306
12361
32568
9674
27287
18638
38156
10785
22593
11934
13665
35410
26767
19085
40073
48604
33059
48262
7413
15390
31191
16117
21087
8531
22209
30654
22788
10085
31674
6715
19879
47325
49365
8095
13533
30625
43736
20635
42360
12554
29900
9234
34311
48231
23747
40375
21855
33810
43187
45070
10055
13097
46519
39976
23566
34391
18910
31058
8081
35384
8599
7391
35369
21159
42899
7961
28654
47783
12060
20932
18835
35889
14266
19245
8198
46447
8196
8019
40918
33598
41818
17536
9421
29419
27372
11303
42117
34860
14492
24400
45091
49495
42211
12714
31118
12603
13069
14221
6769
7693
19170
35122
23698
38735
39573
45127
44602
39717
10152
25758
8600
24288
36229
8557
17016
29300
13559
22000
20349
43788
27382
18035
27542
7777
39500
18413
27086
19503
39815
37817
25786
36032
47189
17287
5624
13590
10634
35730
29472
31857
7090
5558
23573
47240
20760
30391
37148
36154
11918
41365
39045
24149
32005
22308
41689
37225
27548
37565
13564
9803
11084
8315
29577
26265
12399
10650
5872
7411
8681
36158
47017
24504
12028
12895
30926
6977
18096
48402
11102
48945
19916
26764
47844
35155
31871
29544
43821
35688
42212
31944
8930
24802
12945
31846
13030
39012
11819
12982
44133
39935
26677
35141
32942
16064
42770
31439
28460
20033
27231
33675
17011
31380
42924
12868
27384
18268
45917
39011
26282
19906
32510
16520
10237
49656
40524
16410
14382
10079
46367
46637
42707
47279
27177
45414
10178
25560
38129
16660
5618
15728
44717
34930
40575
30398
25312
20882
36554
12514
12161
46267
6192
16957
5219
28271
18483
11746
39919
44242
21442
40173
34818
15991
11159
27752
39327
49461
49878
6705
34636
18151
46407
29972
19516
46306
7124
18878
16873
7999
29727
10980
24313
31312
48888
31847
34401
20561
25914
34222
14759
12034
20556
23884
13569
35335
41181
11220
49056
42754
28519
21460
42775
45373
13492
17725
47477
11766
42195
26270
30979
15722
49550
6003
32157
48503
42091
26878
22449
31943
24671
9863
37049
39346
14750
38347
18511
25140
7630
37791
32103
49756
16716
49759
40078
39181
13760
20029
9831
27741
16282
19370
42519
46628
48675
13585
16366
30913
20366
37244
23864
11933
37134
42122
26180
44678
15776
8056
8627
45624
16446
5076
14136
11700
23597
48871
34002
32237
43287
16702
17714
32254
12518
37441
40580
26814
42468
8611
32870
38036
16136
29724
31619
5201
11150
9663
7894
40153
40021
18177
48534
40858
44341
47603
8567
6639
34880
27717
5563
9579
31876
42189
11501
35572
46071
28778
22729
10314
8168
48382
22922
42929
10835
14103
33436
19317
33834
45988
22992
35324
15075
15642
11839
38801
39375
10130
23119
20432
48176
46387
30682
7763
42171
42623
24143
8365
14656
32513
35913
49523
21112
40735
45564
34274
17378
23979
39702
7565
27483
41044
26513
30373
18844
35376
7307
7994
31457
7388
48195
12577
32703
6239
38837
46624
19400
47946
18941
33169
6809
9907
6013
49598
43734
45631
27408
7939
23181
42903
29977
15557
8008
29759
33007
21204
7358
12130
49930
31135
33262
28918
7016
19711
15485
22893
5766
10540
36165
6915
6867
19556
35188
48486
16596
26732
19907
36753
47953
5408
37016
13008
46015
31475
9958
15765
20285
25319
39519
29622
33095
6857
29661
27997
43015
23321
18223
21054
46171
7664
30598
32571
6668
40045
37276
17182
43007
43006
45060
12451
26369
21448
40965
20551
34769
33343
43617
32975
6863
22127
23897
25327
29235
41872
46122
34429
42013
5886
13279
6737
6515
44281
16622
49312
11140
48938
36498
42792
20578
5514
34788
36959
39164
16858
38764
15989
29633
45568
45231
38785
38787
16488
33503
43749
33696
37382
43487
25410
14001
42148
36957
39133
32724
20499
7306
28162
40676
14408
29606
14151
15946
21168
41304
35142
41458
42184
11010
7068
9082
9179
31085
48984
13014
20483
21626
41687
5128
48699
34619
48058
38541
5964
42852
23660
32161
48748
43840
11114
8714
21584
45902
25000
25543
8654
11268
37609
6779
20680
6257
30491
37834
47616
11449
17229
48777
23292
33585
32033
47282
23184
23685
10824
46761
38375
16638
40724
11335
48462
25085
36076
42894
25123
26029
29213
22328
46969
5125
17971
28543
27289
10756
5157
43421
30194
40474
10468
38578
13188
34058
49780
35593
26755
33475
21919
20202
37472
32026
40833
40740
5949
9899
23217
25514
24872
8120
41039
11198
21766
39270
9182
41763
45615
30337
48747
23598
32235
45634
34309
44068
5399
23878
20147
6054
47294
31813
46950
47927
5606
5221
40593
5693
6228
25602
33258
32549
15260
36657
12582
40859
20569
22563
5992
40036
23999
8010
44358
26357
10411
10409
31688
12705
35082
32888
38697
48140
31895
41277
5312
44891
18274
20180
20766
29717
21401
17086
13581
11810
21727
28070
47083
46694
13247
47412
41614
18758
10167
8377
32712
48590
32168
5332
38655
23741
35311
36911
32737
18000
41585
11269
11873
14780
41758
17661
25343
14762
42258
12768
14096
10290
14066
41937
19922
48516
17870
12115
5463
6407
28436
14671
31366
29990
39202
10803
21641
33792
22321
30412
13584
25931
20921
20227
36654
9580
31116
23214
15072
31631
10066
33121
21419
11416
24310
49909
8178
42460
25667
15752
7539
43954
47111
29326
12847
16668
28477
13357
44825
9018
42959
21223
32945
28110
20323
9741
18965
48836
6560
43849
21881
21439
24397
19997
30841
21932
46578
49438
23603
17193
47093
24523
17099
34220
25127
10195
14302
10283
5547
35947
42554
24047
17583
43411
19733
19289
25612
10142
7636
20847
20273
25280
23341
22464
10189
39113
34303
23531
22023
43498
31587
37732
26523
11784
5869
23748
10539
10052
10423
11824
45345
27564
42406
34726
32898
9311
32344
48588
38782
40470
29369
43684
37298
22361
36602
32392
22723
22380
26271
17487
34329
21454
16661
30543
43829
22572
23196
8689
20268
23105
6294
20249
23045
40270
14944
24043
40922
11587
28104
49662
36273
42565
27965
39238
18658
43586
32089
29396
12136
20866
21586
39205
30428
33334
10224
41473
21698
11707
19024
16181
43874
30752
8449
13464
38790
45660
5452
25266
44749
42601
41978
46938
41216
7126
17985
40331
25619
40584
18023
28492
40115
24200
48567
8455
44765
27063
44089
13405
38169
41038
33939
14397
13707
33461
45024
16378
17888
34513
44145
41958
14996
15179
8264
20754
15489
6284
10724
5014
47014
49621
47808
34846
9821
42662
6450
45684
33174
12523
11310
31494
6604
36531
38614
22847
44056
33069
8738
26167
10432
28687
18812
9664
42361
37739
30297
16933
30648
49301
17390
47127
15266
31633
21877
42808
23098
7673
32695
38430
41555
22203
26106
16864
12458
8115
18236
27922
49165
22713
43517
7962
49003
7081
40442
45921
25304
45393
36618
5588
20384
32455
13543
15582
13732
11230
43764
15948
22896
27216
37385
26917
46652
5195
21757
19621
16369
45011
22812
16398
46865
35797
24164
38773
25235
38750
15804
14581
8340
48420
39388
11831
17206
33427
17354
17115
21238
24641
34791
22620
14771
6606
22476
23495
21390
45445
14361
10498
5265
25474
35584
17516
24019
48169
7254
19254
28366
28917
13472
18771
13296
8823
29001
39988
44659
13787
43826
28240
22523
7971
21661
32874
26671
22541
45160
48752
25820
27011
46446
7531
41907
40680
6142
18196
41806
10820
17756
47450
21075
15255
14169
19335
36672
29243
14250
31560
18527
36941
45743
12815
14339
35917
25970
49359
32998
18311
41122
6068
40458
30904
35465
7597
29576
46315
16178
49494
30583
10211
16682
48633
42908
5570
16132
43267
26261
12761
47129
38071
49480
45559
31581
17407
44935
15423
27680
28141
10589
42914
17952
45329
8746
29631
33816
49436
28760
9652
33719
42062
11740
22013
9043
44106
16754
13688
27081
9009
22235
12786
44205
25845
6364
21560
22213
35065
25537
9389
18875
15558
11387
15482
37991
36414
34323
8710
7024
24584
36150
34563
33790
8118
35136
21123
17218
17685
45131
38274
40521
48161
33515
33018
29720
19056
29534
5713
26257
45461
48500
6813
17253
21730
13586
43594
22725
43489
18428
38388
7445
24448
40970
33283
36524
14649
28764
46092
42249
49214
42549
39374
26320
24302
49922
6383
24859
48135
21272
24651
17855
44587
28802
26065
5905
34497
20072
23258
16412
17186
9029
8437
10233
39730
11183
14142
7485
7427
10884
5776
27143
38797
39529
48974
23007
32551
43920
25903
40322
13115
30829
39874
47520
22816
6440
7343
14429
30530
43308
21603
17871
13589
36921
23405
28801
20271
27783
48224
19262
26975
24108
49117
9370
48266
20588
21445
15233
14133
8800
33554
46512
39448
39084
42464
14337
41779
12368
16202
47675
22494
15441
49782
49506
21997
15105
16615
30713
33760
33402
39590
36859
10213
12888
9738
27800
41395
25782
9040
33361
27573
47467
42206
37422
38355
22904
11194
13420
45943
32748
36081
43374
5035
46221
39664
42387
25911
39608
28998
43511
31274
30943
42485
29034
11441
7086
31187
46044
15528
33163
14931
34488
9929
33877
30439
41548
36075
35233
13151
38803
33344
25689
37731
31425
13602
17539
22442
41257
26057
34096
49582
44757
26599
33280
31132
31278
15566
7279
11401
36930
21389
45621
22071
7378
18660
11869
16001
37702
40629
32909
21158
9226
44694
12419
48154
5174
23832
45807
24015
26579
43596
19122
28465
45311
34478
38339
18919
13885
9847
20624
35452
24959
9123
25355
30624
23960
6118
16890
38357
44675
16187
42819
8793
24929
41072
28725
27324
26798
6236
35898
44067
13045
40351
35071
14115
44897
32497
29636
40672
7553
18414
27069
11375
7065
34779
8976
9817
39112
13544
25918
32697
30723
15381
47779
15110
23458
14805
26062
46393
6683
39640
26722
9057
33625
36894
30344
16785
19338
19787
35875
35792
20488
19611
13671
38767
18698
18597
15341
40972
41825
18417
37204
35400
34411
29628
8154
19065
48269
37996
32926
9819
49275
5344
48531
15538
19147
17838
42781
15820
11419
35264
32835
21374
41315
27988
35787
35648
20064
39715
24398
28476
27549
17256
6367
27291
25422
48091
12356
37320
12789
45941
9567
11682
33010
26586
38063
15225
37214
45925
26063
29051
21335
40550
24435
24901
32845
8350
44458
30940
20044
49445
42351
28230
24368
16267
35357
32801
36005
18541
49073
27671
19849
22394
10983
17534
23561
15470
37887
35955
12133
23425
38860
12025
12658
14026
15253
11169
28478
29601
18678
24248
36572
40795
34078
36523
16723
10168
6487
48711
36505
41353
39561
20963
31640
25986
9828
14520
33224
46556
17780
47993
19124
18475
37435
27261
46936
20115
41910
9229
11068
45494
34877
18464
30401
11015
35719
47924
37699
5879
31601
45781
36149
47031
49678
22207
6090
34115
17512
8367
30867
24467
16050
22886
48052
18666
38642
45088
18012
13364
9081
11395
13908
41289
39885
48180
39655
37969
18917
10020
47724
19543
17490
16643
15138
39296
18544
11492
35957
25222
8788
13027
29313
19659
27845
22616
19099
10669
20540
13138
31139
27188
43432
19372
11593
21968
20423
36408
39313
47295
44808
15859
33251
40559
15040
7709
39554
23796
45523
8772
6957
35046
49045
19322
6815
5615
41127
40496
21587
9255
22735
34561
40624
40681
14261
12990
5641
45323
32121
36001
8690
8457
47289
40492
8514
30729
42102
9404
10261
33215
12199
47245
21358
30606
30697
26545
43395
26459
33852
17347
41930
28193
5742
36950
33693
24680
25520
11062
32688
6072
11557
37948
29502
16546
14057
35509
23881
48316
36252
27175
34607
12825
34051
30664
33666
36522
18603
27718
36249
22985
5306
43389
39336
18796
9600
10790
22111
29891
38177
39252
40093
47548
37104
28836
29157
36874
42375
9546
32021
39660
39036
41110
41629
42326
29851
24700
17722
29518
38342
30189
28537
13536
41607
26567
13136
20723
30013
48012
48375
17092
8324
41511
46645
49882
33857
33683
20031
40700
8777
5139
43440
47262
21247
18022
5804
48281
36631
26449
44629
10187
38488
12956
11462
44271
26977
29895
37459
34204
18348
32081
36675
12936
37452
7455
5605
12958
22964
38611
34743
7890
39633
25402
9092
7778
12299
26757
34874
12590
29030
43656
11817
32176
12766
30885
5264
39280
6677
14639
42263
42697
37028
43955
38672
5100
29234
18775
8018
42631
40933
20875
42142
25879
24130
23414
29426
6613
6132
45613
6766
19032
11190
8523
49353
18459
33734
15422
15917
34849
33373
18404
35277
42665
41536
18871
12292
34896
22781
11055
14856
18711
47312
29182
39010
9188
18350
28123
9783
26244
28191
23073
44998
22522
48944
12621
35143
47336
47650
7942
14607
43292
11336
12072
19729
41229
45293
7968
31352
40096
11806
28133
12615
35227
15068
20831
40935
41138
20867
16888
8160
44820
35431
19033
48490
17233
33297
31834
32399
22872
23464
28006
18034
17023
17395
6895
48995
13004
31335
47407
28565
5875
44828
38978
21295
29362
46006
8905
36946
32901
21966
26949
31077
23402
25616
9647
14470
32357
21671
27085
47209
30568
46224
36102
22718
17960
25669
12469
29691
19964
31706
23915
30619
22988
10602
5710
37638
16648
23106
7045
33737
30705
29478
20777
33646
8988
7178
5634
15338
33731
30596
20510
40549
32475
44087
11691
46416
49589
24499
38609
17748
36716
14547
42108
43097
15947
39283
30160
47854
47444
32873
27164
31000
37046
36838
25790
42839
43175
23515
12848
40425
35804
27895
13634
15940
49875
41064
30695
41367
37645
14433
42261
10521
44009
23008
24361
5096
9923
13938
27376
48757
20310
31056
29486
34265
22438
49552
33270
19497
29642
49392
20224
39018
7245
46873
27158
45239
31950
23964
22752
30078
34863
21035
18064
24918
6021
6266
7714
20918
27120
31430
6360
14305
13064
45910
45521
8468
5245
46453
25404
37961
14327
28330
22374
10240
8773
6225
16198
41109
29059
28361
37992
18217
19004
33612
41760
10060
16211
41645
46854
42127
41707
34256
20553
37414
29095
40656
23216
10783
48654
16875
13840
7701
44395
9511
10938
47306
25907
21289
43512
41861
16278
5959
25783
30825
31448
8026
46584
14555
24176
13874
42967
22025
19174
42785
33346
30700
24796
13861
37444
11532
21806
35616
45700
45028
31022
14824
28853
26892
35945
13514
16956
21629
37102
7437
37174
40165
42131
35599
34382
17750
45220
49946
24356
20210
21033
46371
10639
30551
31270
28446
12353
7773
5645
36670
15364
11807
8482
44363
21716
41628
18040
35294
49248
9501
45474
39282
21673
27562
33870
49982
24812
30963
40562
49881
28216
6502
47752
45325
19444
8254
33194
22773
29185
42822
18313
23543
22231
38826
22560
43694
31306
43516
36663
38544
9084
9977
31515
47413
44297
21312
34642
45235
41903
47712
21556
13216
8790
17847
47707
37675
9825
24849
13888
16889
16100
6783
46642
17783
40578
13384
19190
33551
25033
11648
42445
25208
46985
19525
25864
46165
37432
27660
9732
5695
17944
17126
15515
34525
45418
11544
10431
29906
16843
34988
24955
44608
17156
14360
43452
47958
29493
43741
49854
45233
40212
39241
25698
35305
26489
19764
19598
41674
9566
34147
15656
34617
13959
41164
18991
6960
19538
23986
15217
40627
42740
21780
41752
6104
14754
41430
13425
44177
46674
22558
41107
47643
15563
45509
35731
31731
29563
20604
20427
20838
43776
45292
37209
46095
39853
27349
46333
6051
30846
5636
41887
10214
10859
30687
48171
39471
14487
27463
10604
24274
41953
35423
24269
37013
26352
5025
46623
42772
28421
28367
10594
13619
19043
41382
30257
7258
38398
20906
38306
21146
15023
23475
33246
38170
35068
19182
22267
13815
45125
30997
44645
30875
16580
12446
44384
5180
24722
7832
44857
39503
10174
25176
47981
49849
13734
46728
34195
32904
15856
20376
17132
40662
47238
31713
10407
17320
44213
26657
47084
19168
40455
24268
13876
49172
17462
28829
24630
45656
46125
22938
32962
27817
14599
16128
5916
45929
47850
36831
37216
23925
32514
15245
25597
30088
8012
49273
37402
15282
16885
28660
15675
38834
14627
22576
36176
15418
18306
33879
20658
11267
26957
46381
14926
24867
14450
31718
44466
29881
34317
19167
22530
34205
15664
43622
49293
14056
33919
26297
17651
28170
23944
16872
42647
21558
31218
12103
24303
21882
7085
35702
16447
31459
17373
37807
38349
19851
13773
29554
26162
12462
8673
27924
5762
35040
32065
35838
26605
11890
20016
37517
38934
11100
17428
6043
26031
6575
20435
42257
19821
17995
36448
10720
36521
32336
28359
13372
37092
37377
44691
24432
24716
46664
40979
44632
42540
37881
34293
40243
30071
41537
23231
18548
37404
8550
16650
33337
45210
32000
22041
43601
49936
26323
30535
42572
39881
47248
47680
41841
49299
19797
46874
47691
42586
32946
41982
17427
22284
29596
41361
43362
9559
27058
31177
47113
15522
31563
23654
33808
45526
48328
22163
24153
6845
6474
38973
47884
47556
15879
48570
40235
48271
49182
35966
46825
6261
23407
9108
49474
37169
35506
25357
35982
47349
7257
9772
44051
30688
26319
20778
26826
13120
49218
47015
7831
19007
36147
13022
26890
5985
5539
40258
41534
17412
45080
20196
15048
47106
30419
26793
35647
37371
29722
5176
44893
21451
21126
12454
11382
31801
22452
23932
40665
34057
22634
5579
18834
40488
35711
10578
14573
47870
16059
25850
13266
43130
30659
41104
10968
7423
27303
19356
49254
28087
25723
7742
23412
10387
42074
14341
30499
38211
12077
22035
46279
39278
41258
25387
37136
18020
47234
20194
7510
32634
49667
36124
32068
31929
31418
46264
48020
7881
45622
46351
40695
6943
14898
39892
6417
6415
40996
20743
33148
12941
23136
33172
17819
30903
37079
26587
48342
47542
35749
23662
14844
36855
12068
46602
41517
43271
28748
33397
42887
43944
37841
12997
32041
6945
31984
48738
15468
39739
26806
44206
20935
25781
17765
13745
26670
40945
7990
9609
22797
26267
38691
27186
36772
23653
10635
48842
42190
15447
9953
23294
18002
19689
33212
17008
19139
27589
33460
35745
45203
16333
27766
28225
29640
30906
45354
13103
23928
41557
46077
6354
15410
45737
12331
44901
12690
11103
30964
47059
7066
44063
27762
18495
31395
36642
26185
19325
28531
18531
10163
42737
15890
45238
16018
32109
32829
29487
23371
28457
48617
43010
25310
36486
44611
31245
36085
7444
22546
30681
13466
9506
15397
36368
19777
33189
38104
28197
39522
33658
27636
43059
40764
20962
49404
26393
37594
26281
21758
17997
13833
11233
20240
14036
30363
42566
7875
10173
36998
47722
15035
12229
40370
45384
16065
35921
20981
30696
23679
12910
7696
7472
32396
20931
37692
47365
13733
47010
32582
15165
16433
13104
21379
21879
9862
28635
21878
34306
48611
9809
47533
22007
6512
44283
44113
24446
12962
38680
33431
40566
13033
5242
16540
39693
19961
18072
48803
45512
45005
33090
20324
43183
5060
48962
25671
20711
45262
9543
46657
35015
43972
9740
40261
44992
40011
20148
31808
5205
34408
26371
9746
45256
9420
35561
41124
41599
8333
18757
44618
34067
22468
5569
45166
23760
37854
23819
36243
32720
12239
13311
8045
7663
16855
10002
6197
7346
29624
48337
27550
6796
15257
6468
13780
25136
20587
9354
41330
41412
11511
38975
27370
17298
39926
10430
18537
21066
5763
48348
48090
11369
8913
6997
37700
42143
30136
28938
44916
44333
20307
24441
16975
28656
9589
11278
18760
36624
39911
19044
16514
10614
46607
9398
24667
33643
7922
42703
19435
47496
20440
15701
35943
31553
10304
16318
28674
33761
30512
9799
10154
22551
33350
42448
41069
46765
40642
29247
37882
41747
22359
13618
49522
22251
27407
41317
22144
43393
40546
15933
8534
32173
14894
22399
33483
33257
6827
41989
39710
41156
21257
13880
18570
42905
23213
15059
30552
26876
8904
14109
42321
38689
16089
39032
12924
8068
18909
48517
23650
47797
30053
12707
44722
48741
48861
12390
29662
36719
9578
7478
32805
22965
30347
36103
28646
37417
11294
42456
12186
14849
40335
37697
38889
45709
8517
24429
42671
33832
12003
21620
26592
24712
14322
30377
20905
35934
48395
18443
18753
46074
25341
41576
30658
7192
23023
40368
29506
47798
36622
7020
5526
42319
47441
46431
23489
7200
43584
34499
7425
5187
41850
38604
23704
29258
45761
6344
48025
23089
41644
30534
36232
27032
33025
16651
19917
23396
44321
23646
11741
11570
41952
19883
41620
11081
35459
13149
48876
47890
47206
49328
24461
35533
43834
15893
23520
11176
8316
27977
18914
18477
33022
39029
43542
5613
41787
11621
49197
38752
35615
28016
25134
39325
21693
5537
26877
22800
14751
45952
21934
12524
47357
35257
13658
42579
10413
34247
5933
45392
49166
32256
29410
31329
31844
48886
44868
23345
15801
10603
26946
37681
34013
7752
7524
8130
17123
33970
23096
5274
48849
13102
31495
14478
23743
41487
34864
30985
36239
36697
19136
9080
10348
6696
28379
39540
45551
15108
15062
48665
37433
45653
39580
5123
10405
43206
39896
33821
20803
15609
37979
47933
49987
26920
44810
8702
46185
36825
40297
5567
43526
49824
26686
45599
26225
25477
18680
15735
9916
37210
10107
27567
39338
20493
47635
20322
29166
12576
10169