106641
70775
47698
77242
196321
50867
23771
10347
192688
107740
36714
37491
110921
74294
21241
30484
94533
37379
76485
21559
93292
52530
66583
59343
29685
149520
35940
143790
154377
109817
73294
107319
62619
174146
14903
76925
25985
186011
54683
49309
114229
113050
180977
136289
156516
118871
63678
67139
28475
155038
91008
129845
89642
54593
160588
159082
139390
51845
156886
111521
64746
125478
48151
174743
78629
46172
147583
130018
194675
196451
62590
159208
104987
111973
14530
72779
22663
61075
186195
185370
53043
57878
44050
50978
138208
75872
86392
38044
71925
68363
139358
61438
37384
11397
118689
194305
182585
166570
136892
105875
92157
96817
131259
186897
55939
79201
133707
43807
191809
93497
136484
75126
16478
184880
18881
170171
39668
183214
169859
87124
175987
125358
142504
119911
140068
168353
188329
50243
46648
91861
10896
191564
168025
132705
94804
125517
186757
155359
144539
160828
19221
152876
96990
55617
15819
71979
89089
16868
112821
19973
191018
83436
48913
123842
129197
162834
157185
22961
191128
114513
194661
29503
145476
69245
168440
125310
181771
59885
137759
192362
51567
172529
107035
107764
19866
132825
82749
112678
133494
70040
179476
184366
24625
116548
35016
59609
100866
189684
194085
145251
93829
175681
64443
191659
53337
77525
166613
80982
189624
56019
133565
25704
30343
34493
194701
117034
171588
123548
30554
170738
159846
50581
164942
118352
25277
109892
184958
133725
124106
161191
12520
81196
167504
160753
101749
173834
107124
125608
133704
164757
184802
125593
56550
127007
85166
154012
19824
170963
44004
54539
179580
42229
19702
157345
178931
94794
74660
39231
68749
141578
169534
64611
95015
67566
21573
159312
42576
47554
170820
88980
65247
156387
88446
36754
197059
121381
141795
88200
26979
100740
56762
163934
109064
17337
98366
83227
22607
107118
186672
174364
22886
41560
52565
20631
196662
197079
102067
36434
35677
189967
73675
73383
84761
195213
51644
16444
81675
134430
18405
66164
94499
111626
12864
147932
157580
47689
106360
109019
19243
107049
93947
86441
46424
59986
113019
80695
152659
26564
149415
112397
92505
134555
32487
165640
134579
148215
89933
39589
54344
58100
70797
178525
94514
129844
154696
150868
68451
25421
112521
53716
14286
90903
170926
65234
79479
134204
77450
166997
22654
74222
58711
75165
160435
163350
191955
177244
115692
125712
59242
11770
69183
46440
193225
72602
194462
55656
15592
43433
23670
184123
15096
69040
66068
189488
143629
25949
54231
81125
10961
136182
60853
89796
51842
128736
64047
54222
95961
36912
54951
40235
102793
82511
30656
103985
30581
109057
86929
84942
116974
75040
186770
51452
195893
191406
40081
150660
115583
129148
148807
30174
190835
184159
40138
160424
182821
60427
115399
106247
177354
88619
64861
103709
186380
89233
61023
130701
157663
167792
43367
142882
118523
66961
72640
79583
72004
61987
160122
95700
163688
28692
86235
62145
68390
178952
127535
85593
194931
176396
157459
59561
63629
199860
41820
85966
153819
187438
132361
19653
181593
118814
185029
48072
134098
42524
83731
67496
100877
47991
88193
114885
161261
91945
84112
183724
44112
132914
160408
36713
165454
183680
160323
134358
97794
169845
104785
180920
133822
80633
128188
42113
88452
194194
103584
58489
123808
67170
132995
177646
108563
86882
182827
154153
130029
135593
14023
50715
120430
185582
25045
142832
191162
77581
67927
82013
148996
129328
40073
63110
36349
37494
181422
150972
128365
196638
190341
83676
97962
77663
115151
118540
85278
172603
150580
168740
98054
115200
121056
25271
126154
66935
146482
91598
135737
40889
187416
30041
24039
53099
171074
33727
31818
134352
174690
157790
18456
71101
133330
169870
195603
163073
80502
14184
75150
175291
26971
199951
57814
140967
53955
146639
30119
101386
27482
160704
121764
176562
113472
109694
112347
32168
44047
173426
37307
43221
190952
188632
184799
29921
52520
48830
59201
103040
67127
178928
10595
179427
192370
35574
188939
128711
145244
78089
39294
71191
34235
38858
97238
65161
162918
107179
54115
194711
39079
58541
183168
172516
24270
187024
16187
96213
24051
142385
43294
156264
53516
40771
173248
145242
90363
13225
77490
75984
61790
199559
155372
76215
179532
150962
46837
16615
197726
199895
160043
58408
187268
46622
196729
199713
131123
148073
160615
62010
50785
199421
125077
189403
112904
108656
161307
41713
144063
120836
22598
65720
152337
55115
125919
154985
114845
170273
72676
74403
180274
40399
134128
179264
148415
37418
79594
37845
93520
158337
163650
156686
182081
194774
65967
23023
175926
102359
165225
157949
28002
49849
11336
103155
186334
96878
61778
64476
100107
64991
168672
44405
169760
40323
199714
172182
80594
178663
184689
131879
38037
156731
171847
84273
99549
192857
49932
74946
144593
83628
29075
163352
183463
42930
68026
149573
193614
65894
168883
141930
79140
187684
68915
107070
40452
164237
91448
169749
129267
23469
30486
101541
124681
117288
182766
46573
20056
113994
148413
117854
156599
20692
74349
131878
27121
95282
132151
94788
18463
10675
141853
197580
188966
148438
94428
153181
153806
186966
37160
114056
182538
122432
55312
99695
84270
158111
155175
144716
102832
137384
78311
192314
130723
112147
55600
136494
50178
197374
83054
78835
102633
174022
65726
94166
112661
185936
178836
186336
87011
45646
59430
118660
20203
63484
130888
100570
44325
172071
151539
76897
83814
56545
187995
37046
90600
192170
95181
94595
101638
13483
177468
68046
178029
97288
187662
142275
174058
77560
11060
21919
100220
153408
170380
48407
142908
139470
111911
109971
65365
129449
179438
124490
33443
139955
144696
153900
154948
129219
160554
44060
177856
69972
105735
150486
84288
141662
11993
167712
14488
97700
141620
70514
170292
174334
54767
25375
85838
67819
77121
196064
84016
66344
133401
51042
12581
98033
19883
166090
150939
145711
164398
53820
44544
112801
127748
86558
113920
52123
146340
88620
170027
15789
54692
185683
168733
61842
185084
149683
133377
151724
168463
194412
82709
194251
140741
158531
146802
11941
89461
62990
72123
132247
138737
88090
45655
113006
42153
197500
130633
192321
39194
196003
65103
13900
106783
78844
89046
105927
110246
181480
27184
14159
169867
163066
159639
117460
65132
39560
51982
11903
44725
84443
90196
85583
52759
43847
198356
19647
75802
118612
79077
155956
47156
81562
162677
45492
147226
82436
18393
161625
68932
103313
86126
18117
80613
164447
146799
14019
92378
111813
20567
157060
90496
152045
93687
159091
37193
65147
72928
150777
61473
38164
155136
137418
167812
182468
191038
61505
19595
160203
175596
101920
187370
61408
26103
68109
79970
190435
49900
82027
19157
12783
150111
88149
27600
80759
24682
164896
73822
22130
106150
43840
34849
128411
128060
16318
73488
78065
48579
27563
28338
121529
195233
101834
108222
156244
110396
29972
183014
159346
199724
173618
144073
85420
160032
80781
130077
73379
68782
33401
136635
71732
117219
125844
101295
168202
22202
101599
177998
97425
107802
31060
10546
27093
74609
183568
131325
23761
13278
199298
56159
153543
88042
163531
135632
11890
150735
72759
14304
24500
35558
117344
27308
16236
95262
130617
14892
195348
69628
134748
155663
65844
33988
149743
134965
173286
119821
178732
10215
50241
129718
65389
81188
67777
53288
56838
85357
63653
120029
10775
184485
167065
180834
196952
89268
156974
174662
130152
52523
47456
99071
180785
124389
172210
78039
60244
20543
130457
170252
47169
120315
55415
25461
158448
35669
198946
63533
183038
195158
163081
161361
26900
97689
18606
149224
16716
187314
60435
57973
178559
61047
105093
54117
54304
56482
158237
43422
15103
80357
55825
33176
113906
69424
188718
118042
32074
115301
22523
139153
33239
42794
18070
56092
73172
175375
92468
35612
119451
40639
92058
171716
199028
178738
76721
123509
102062
59504
103286
110962
48245
164111
66572
24956
97796
70791
34038
171958
37748
53022
140632
26024
45652
192020
79448
96188
140170
86396
155434
55357
126946
167208
154139
119548
132392
191228
137488
104051
24660
138824
86504
27849
10831
129087
79795
91728
67155
106527
52259
133743
33372
144306
88374
176605
108054
119983
107592
139338
134667
71351
24952
183998
112086
87580
133033
108940
87372
23339
92679
17878
192758
100476
36087
138175
133294
173756
116580
95764
165979
22091
53917
22261
65280
80270
106767
105042
53160
100649
179941
157409
170258
47059
53249
191812
62325
96156
109437
131699
175242
83237
42194
136704
188472
52974
104478
146510
138979
89319
194162
129031
17862
116792
135960
174415
190360
77413
123620
135993
196728
10270
120088
93505
125731
158176
60135
169475
154701
10578
22411
129465
50788
28733
19488
117673
39938
164945
145341
63634
28207
31233
190454
172064
18004
89254
35724
118960
38502
25592
72523
55353
53228
113582
126907
158260
197427
111266
15682
37936
124723
187759
194876
56907
100465
38036
141572
16403
64389
181711
53331
177649
166537
83934
156899
196674
17507
92060
191425
90891
21489
183900
82941
21670
193021
142216
152021
110451
177972
110329
96485
147575
106622
132881
106185
127173
83249
59663
95862
49533
101397
20424
192307
199451
152681
171992
104594
40388
166517
91859
44142
157071
165143
178945
96223
153950
64022
62410
141154
186446
23641
144661
83312
153552
88863
16882
167112
12424
144020
102091
187372
119263
159646
163865
164479
135015
57803
141437
42537
56942
33368
55950
93632
179450
21088
108143
45890
146473
197487
179463
53791
36346
28656
50673
122430
93487
107934
76941
180791
113352
69762
152749
42609
72677
70288
56534
86911
40104
120121
129400
39318
42294
99050
99956
112338
127019
43290
199457
162016
121893
121723
92496
17773
119852
62800
136185
64652
95355
20860
148995
187570
95070
106482
104736
188360
182765
31145
77366
181560
82289
121178
113968
167272
162680
174293
10418
52978
152936
36062
79711
84226
77898
47235
162786
44498
108437
37918
118840
53916
103607
167999
57670
187644
11782
169698
20357
63779
56579
118918
196627
144650
41732
153435
120856
140594
175666
17184
116637
128135
128593
13168
10076
95717
186613
15935
64684
101991
138243
105226
51286
199212
150899
122664
103157
32002
96064
21966
83501
181739
61179
26050
71278
178635
96873
155230
134316
121386
45713
136715
86185
31428
73704
70311
23229
55587
197860
129773
26481
101785
177246
198274
25444
24534
137328
174350
179549
74266
163433
176742
84616
189865
33212
197412
163344
124274
106760
80741
120151
164026
66397
168063
132272
73959
24289
134797
15634
109166
133904
160792
195180
65684
190827
180326
174200
56774
140684
121690
70841
82033
196510
18821
178069
53938
44414
15834
100004
15897
106002
11927
176916
148834
82122
130775
71542
140818
158604
128970
87873
156157
148987
85321
10568
19437
137004
43120
109193
141567
145477
94275
127674
39523
84004
52416
42247
170495
73233
31753
24468
18624
179326
83775
17237
156329
28894
137883
47240
146334
105569
109572
197932
95153
136339
41081
103544
108408
196324
60633
72153
116986
68106
32100
52274
114836
28230
39964
189681
37072
146471
57357
195561
178507
153498
19132
148028
54053
36319
137376
10182
186593
86260
94224
129755
183102
95814
157990
33817
131388
196855
114200
167039
147125
33745
100650
89104
147847
114755
187208
87990
120279
134372
51518
73068
55855
161898
161806
64972
11653
50430
74734
146541
145611
105221
132112
66465
185611
26249
50189
68098
156047
59962
192474
142996
189022
84041
86893
150405
58352
70275
63366
195609
91087
108366
191584
131651
174308
58564
60163
48907
157166
44445
87265
163365
63964
114127
56079
139735
188122
124194
172318
162533
100522
100963
72565
145929
93466
119941
23393
152866
27136
69697
35384
132435
151502
66946
109002
198451
80066
96273
122660
127451
16411
92605
108838
183472
78712
140119
181599
109586
66167
181532
187704
115361
199265
163681
116070
76776
93264
151556
155647
94631
122427
143290
71289
128755
54765
146018
55994
97135
27639
37816
21992
129843
31329
129243
10512
54696
172055
47100
192963
87071
65159
71184
77544
73915
79887
20999
30021
39211
41096
73134
149325
85298
21540
88085
134073
156791
95450
75914
133277
15606
181438
189038
106261
120544
32296
42897
142986
158983
151086
85752
38135
12113
109184
41086
139026
193502
191277
199235
147715
199166
173763
185223
194932
116458
40820
86613
76750
148677
130684
82481
66646
90819
96264
198761
102293
146675
147263
31982
103597
47196
32988
144886
66867
22226
126296
27958
40122
57439
194007
76118
56246
135086
165165
139489
25064
160074
72511
148922
72917
155827
61396
126627
99126
108525
132237
57545
158523
43150
72606
151208
79779
187039
165689
58731
191017
154086
143941
197942
26817
191055
119099
95608
89907
40923
171738
183277
124299
162424
104011
199428
39333
54448
181794
62746
23808
199307
197653
10576
142383
67040
116083
195129
20921
51721
140584
133992
143317
186825
125797
117004
137262
92484
196468
59066
44756
104181
28888
37674
59843
105624
173648
66072
64685
134644
86076
171450
48592
16210
55890
27863
21530
83910
173099
196162
109426
12462
46078
195330
15353
82583
195307
103485
174737
149107
81428
52172
24179
63121
100983
57382
95253
165682
49244
127368
145118
16404
135286
90286
130460
136712
114117
110291
28974
148726
85999
59579
86039
157916
149922
174496
31020
173224
14822
169693
23828
36382
148076
63041
107249
195069
100851
133591
69545
111235
118802
168064
15249
134542
60293
133433
166761
79123
42577
74931
146887
96929
80841
117574
150523
98176
71574
133275
54627
42237
33114
192394
93068
61830
68589
132689
107121
172117
113750
199610
78222
159340
37013
83224
47272
148152
39145
148442
98914
39380
93888
171623
119568
111177
36574
116978
172183
140538
33545
72906
49473
64372
91203
64454
56520
62826
166115
48977
24535
156919
56143
13764
142686
138610
193943
167262
25907
198995
62899
167516
73681
110932
15572
37485
142496
106541
23627
81132
77675
184758
50975
82051
59500
62454
189275
133311
21684
34923
75737
69128
154550
48046
134938
187128
34456
107469
88161
158577
76926
189665
69839
185691
110753
86475
183061
126237
106432
65493
21126
193596
192131
125446
13967
159602
197773
55924
168728
137654
67506
159442
29155
165580
124928
75522
108585
166609
136523
60096
29718
193171
167798
149011
138653
69269
179004
40257
183410
113600
20991
86519
61877
150799
162457
49702
85692
32672
198547
125106
131007
161431
119745
15401
37067
150012
118600
24414
188715
120016
176490
40529
132940
135605
42419
159432
60650
103301
185001
19200
43650
85318
141009
137937
19507
188849
89617
78655
91737
74695
85918
108623
160319
179489
104890
193024
107786
85400
183771
17371
14624
43488
124370
106966
119689
103207
159212
65714
70346
98204
101781
31076
62537
77907
145663
20187
10332
44682
118081
50595
130041
198135
49191
164168
131378
26491
48528
39807
47318
118304
140995
33680
29027
163832
131706
108824
37800
184630
42433
112580
82563
119145
154343
185766
140605
14068
199753
78193
63365
16660
103979
198873
44000
141113
45370
67426
154630
50488
51083
20924
161478
153373
98884
142981
195600
70183
82427
122216
134410
76171
118887
116895
105582
63932
145838
197742
72144
152202
180106
71148
46180
167766
159770
121772
127144
136585
15246
132067
47561
93136
177368
82908
13270
165844
190968
16074
102493
110942
27479
152207
185137
153696
94598
143197
75149
186878
174472
175614
66460
132790
146191
10105
51980
162095
141267
28765
131300
135001
61577
133442
40653
106190
182079
60980
185662
46251
56459
157197
190056
66816
13507
95349
143949
109557
51263
182407
171840
160297
199493
80240
128772
199757
39159
191883
123359
186846
31451
124101
88967
31776
74052
111614
89117
67926
54148
143993
36771
77146
37468
198076
35279
147811
157475
78358
140228
25692
122734
193501
84671
127871
135134
77324
170980
84646
197207
193977
93387
54295
174028
133425
116730
121281
117016
97291
68153
114742
104878
83113
52678
49145
90924
98708
172818
70452
80279
145435
68457
19854
131264
108983
129592
40358
27514
37905
184501
118856
121822
55519
181190
61851
35699
131232
97558
19803
88075
19632
67145
160017
127829
189066
158052
166543
121553
48668
188045
110125
167765
122952
25703
168438
38460
40872
81366
69785
83959
60130
132100
25295
109772
97354
131810
32960
180646
96025
55467
132366
125043
86892
33005
174139
24103
93330
198990
115055
129441
41894
81817
89145
124917
118527
62683
21864
148618
167190
49025
29164
63076
158394
43046
13615
36636
82178
113798
54338
139977
172613
128991
79058
46738
59785
61823
23163
30127
20409
124549
193437
68401
15216
146567
139554
20932
57692
199852
55434
124147
71577
140475
133916
179902
112045
16995
194491
49847
128753
14663
31459
91438
102243
167564
179195
37908
19447
13398
139491
136677
140985
119597
82659
175577
77186
145184
61549
20779
53589
96085
173056
91268
69219
72252
157534
60170
182255
133794
160794
13002
185951
171463
104062
68214
130787
186702
114862
21854
81699
111796
60437
169141
10221
76162
113521
64418
136453
162888
136221
192151
81564
15535
115287
175410
126112
189297
88724
21539
102260
138063
144373
80801
87066
138297
199792
23805
24359
67552
117389
18016
110725
29384
121406
190930
73969
85558
148120
81203
34929
167796
48039
165054
116552
85595
143864
51299
143318
91294
62114
115981
151856
98508
52253
14374
90223
63688
30054
145771
170849
122350
85301
44379
163463
196448
68121
110135
107876
135457
121538
169688
91043
187237
128262
48960
134552
162194
15943
92739
32654
162573
65942
147111
149100
128938
190690
174384
65978
11185
145278
196054
172788
149436
104486
35728
127177
81776
159679
25700
45178
38444
165508
48993
58950
52612
147241
127295
146426
122874
90180
18098
137666
66629
69557
159452
175354
173705
20789
126902
99798
52445
87629
117671
10911
87348
98609
125720
24830
135566
188000
63534
28451
53528
17076
22229
22568
124763
123230
146688
22770
44732
10916
112963
20162
53451
134187
188848
99457
92749
171767
38974
42367
95182
135519
69674
47054
173505
142138
146097
43833
184091
78371
163590
151267
122198
97001
166978
100725
129715
141864
193612
44338
48848
126420
161945
44969
45252
188763
156874
109359
107287
17974
132480
152842
110014
141836
95337
90080
43383
168191
170937
65502
100579
150533
20268
18783
47720
13224
137862
14127
52439
48835
171182
39265
186583
111185
15670
122320
190684
41988
112712
123912
68955
191551
57328
93242
116703
14589
122148
54698
170623
41694
135167
98045
196555
44436
22090
59138
161226
96323
198121
20094
148362
66458
187614
84386
128063
30038
50388
62969
162681
18892
197057
25197
63862
107128
131475
164493
46608
164883
177295
119663
44434
165604
191486
29435
120369
104236
120647
68810
191155
77536
83377
192064
181649
188505
29195
85188
36935
121769
167589
195594
77587
170903
67693
36937
148718
64674
28064
123066
111845
89002
61261
156690
111279
120408
31044
56212
140117
134416
42086
92154
47803
86132
35796
127782
121950
144930
180606
134173
126561
55167
20131
147271
192819
172555
116326
178179
183028
112430
74746
17948
159114
59229
15610
111582
82312
45205
92718
155477
86440
84674
122126
25394
19961
99206
63616
134718
25850
166910
51320
90611
151072
25094
186413
117423
18852
114363
11734
107960
163636
30643
83680
107098
71077
58430
130402
64203
22754
92564
64943
129241
195899
152922
183987
174750
12613
11876
67545
32221
197708
133107
86429
103925
163149
118440
88389
152224
107794
159695
121590
131392
10476
100677
131658
193297
150193
62424
174967
94537
190281
54018
101940
68270
110747
164633
128993
10265
134488
125156
56446
29602
21266
96236
124936
35203
137436
24726
40169
75367
82693
108219
39761
127143
141006
192807
178239
35789
153729
161262
28717
100600
177421
13590
83825
31702
195264
169357
57172
97274
179860
133365
95973
67080
56371
15296
23802
193337
78121
10266
116528
77527
196372
22876
187870
59916
157511
152757
172398
29526
130479
109093
181058
51368
163677
105458
93817
159405
34217
35261
124625
151654
143706
113055
188133
122836
161387
51141
24987
133542
117925
50842
24524
199525
87817
179482
35132
163048
19367
119247
139513
73670
65887
95833
54439
135769
67222
189112
17703
196374
38379
183785
20329
51621
149999
17428
106890
10858
142950
68571
12812
65592
115698
149531
76913
72588
54143
13351
53822
53328
190756
66348
74397
169597
116422
119734
121646
104435
125473
19074
22633
189717
168050
187015
137431
45247
101411
136442
41493
95989
13857
130119
196721
24272
67031
16796
59862
97880
134722
170664
17436
168708
167264
179461
186515
170309
10694
136984
14959
23869
132581
172814
102551
75122
80488
177718
90262
184988
120032
52738
19641
191478
13675
47528
104392
62211
34516
42518
25897
62107
183338
105905
178132
136435
190387
93163
94188
27914
68567
14510
75379
13917
129561
103004
40038
81443
17050
44538
166420
122455
112343
98635
114756
22854
78435
141854
41809
184121
120150
71646
28436
27772
10877
98961
193071
22136
75259
163735
65923
128449
58815
194383
39144
184653
32652
183620
142710
177683
179123
49426
132869
22901
70866
45125
107634
24321
13359
97646
92632
81207
158899
47881
100904
16659
113514
117605
118039
20086
106489
164231
142647
182512
28414
69238
106661
181268
72835
63813
47351
176699
17608
68901
64050
119625
129104
82267
55069
110310
49026
140548
27272
172097
65581
23177
121361
46802
12910
110222
189790
164456
40110
42214
104115
52349
44484
50315
127776
118100
196250
60928
162940
14752
80708
88313
101457
174471
16174
144525
70145
174528
183633
47533
31252
193796
16457
52045
136716
170201
126703
33473
36567
19321
172682
50605
114695
150784
104978
184890
96594
181002
118536
71558
93475
175741
132281
51232
56698
62830
32702
10791
168707
24045
195351
82320
81551
159827
32725
108661
39611
150737
118180
89984
149759
161185
152302
29019
175687
87162
82218
108279
65057
70245
95630
24117
30299
59958
138820
168358
35705
77524
12953
38688
43437
185214
52429
172900
149294
97758
166973
138360
186573
86749
174507
141088
47434
11950
62286
46679
18668
18067
126166
82012
13000
180199
108351
122308
37612
50083
85063
43116
29861
122160
184197
22323
128744
154570
121891
88454
113566
69957
42862
133867
57448
96395
194743
76108
142100
50856
178497
194878
57000
155751
20709
13371
166267
33726
49481
31786
144342
155777
81584
134546
160050
55753
49728
136656
22594
14350
34116
39642
125146
166818
92116
164374
163747
29325
180207
140729
90533
72559
59701
146397
173119
43949
114036
46942
146619
183400
26485
184011
67345
82767
81623
26349
130147
139196
21217
69638
128751
23346
107014
48971
86877
82002
116166
145725
142127
174413
66837
148707
20714
88461
119329
82203
10179
194805
90834
124656
132200
184992
61818
198396
117541
84676
139711
68724
168074
51754
56814
198306
187305
19670
169256
142829
160373
39704
182740
161551
60419
161896
111720
125910
157317
129749
169329
96758
31167
179052
132359
108989
10788
41572
127710
186208
35337
44416
110992
169620
176307
189990
115335
180048
91044
18781
18537
71486
98339
48162
63196
16103
129190
117663
109033
112912
12216
144488
50609
22991
95658
172549
43511
93458
162120
84503
154021
131086
164096
170972
148204
116630
45515
61764
130712
160708
74322
187479
173438
172172
117476
183107
162075
175234
135336
12865
196632
16091
14020
192119
50100
110760
156201
36866
181396
190399
91967
20509
168372
96512
59193
26181
25966
75365
50794
39892
187883
178909
44561
61121
88729
98448
19010
67939
158131
114580
112415
15657
107043
20145
181902
20276
183650
28098
76281
56474
185974
49929
174406
58137
39640
10122
61762
32732
111262
122327
166327
41787
94825
192954
110026
137876
16772
24152
153738
47832
47863
14220
54567
54238
166580
196743
69405
136172
54384
112863
48626
82125
47045
139004
191842
112848
17892
121720
108839
134119
118611
177922
91014
194067
106368
164226
57693
129789
126381
109775
147722
47070
67581
82214
15665
126174
173144
137557
92753
167543
138616
44569
132700
59965
193131
148927
87991
60201
67406
70666
57361
117882
17735
12383
188766
112192
130396
157424
163596
19555
187857
49926
94520
111959
71014
125237
41399
103634
44289
73034
45351
23297
112558
157759
111028
25812
195091
68942
46146
100619
36331
178225
174499
110132
59994
64635
142190
123215
172738
30348
190343
139843
83918
177562
115453
136790
111684
47703
157848
135424
189972
12413
108115
111418
190799
45317
108894
187233
98035
185431
194889
171855
157204
153139
57242
116985
175409
118984
78347
140629
102966
88794
106606
101050
76787
186404
30423
148380
27832
177919
129436
94345
193627
154317
108784
49733
161488
134793
194676
135618
199989
23737
146579
141891
64439
14570
87825
35345
35874
99746
158663
107017
113247
17988
64344
135419
192381
166908
31493
43858
196757
131963
106145
146749
38003
114107
98867
128723
92166
100074
10044
114089
16286
125642
186319
54837
68573
196128
42560
64617
71419
122171
95425
137368
149762
67036
148058
171667
63891
51924
133443
90970
27183
17084
50502
166633
104304
171645
136565
31575
32460
97991
43763
51642
147754
130850
99061
188876
45766
146322
40078
64317
49036
71453
188818
73974
54996
175469
161096
182133
144375
38571
195132
145615
141176
169967
69455
130681
69803
15194
86329
41296
41827
141877
170599
164553
113964
11972
54887
159854
171594
135937
188677
187601
166107
80795
31520
174758
79512
99211
141175
27361
106680
71214
128697
133103
71230
98980
24260
22066
145669
174702
156340
184491
126622
112527
194781
134351
57849
49072
26220
53512
190913
69500
40027
180949
68444
177958
113451
171479
156448
124253
128824
105917
182916
79828
197230
141987
16710
14973
80531
74959
39696
48864
141070
115831
38652
196844
10064
134472
164139
35365
114870
134988
69184
44310
44860
186177
132855
87027
158268
163000
89774
43871
199856
24888
63411
182990
53697
18487
144712
100826
171386
67781
88459
27156
109424
80997
177794
94648
194217
59851
136485
40899
24476
174955
82643
51117
162349
64417
135369
36643
54329
17211
139626
111064
146194
20025
181778
98665
42563
161873
63169
143281
176847
142083
14802
165988
93784
62980
55256
133011
35051
77805
109758
171165
129039
19955
149265
75448
169342
61614
40072
106016
125860
43576
171210
168093
160362
129988
92399
83862
191394
50461
122060
48054
34627
176856
74785
82547
109727
106237
58795
46393
182705
61050
72290
159954
181907
137037
23408
36853
72239
22778
171984
85791
193520
125689
127227
143348
41098
12647
187430
196299
102844
14905
124748
199862
134967
77725
139483
81036
41394
126066
109203
97118
169043
83900
79264
141702
199603
62771
45272
126300
188645
99155
45499
61954
55271
89628
158397
42529
44795
77657
66588
183559
21952
190604
185824
153808
100235
140050
68668
135988
141667
64293
137551
168881
20764
92774
163496
110189
57004
87346
63311
159931
152938
139278
174250
77163
16745
82061
74269
121747
166231
155589
94867
45012
105308
105643
129191
172027
149203
139804
74666
185178
188105
43785
182510
176461
155641
191545
129980
145429
154488
79485
120670
67643
29070
70438
116344
53152
55694
70374
136662
160466
193036
107148
110439
10111
130271
59219
118981
92052
94121
116409
67249
191160
57248
97430
100882
182458
80004
174151
142223
36897
168617
183527
163863
30708
146182
87672
110513
74868
132883
123967
137713
142690
145551
36921
118340
164197
135035
145496
26533
12873
103265
177161
36335
77411
144895
82005
86909
56314
169092
45564
183238
35791
102696
135712
77868
97470
67154
31980
70897
131529
44079
58434
17252
57466
32282
71066
139664
195854
107693
96358
36971
92240
82114
87073
162337
60259
91039
89497
87994
34320
21666
94586
151184
85376
164253
124324
79236
76411
62285
184136
80211
164128
113292
155687
127555
168958
160769
126786
179411
18315
47879
98832
124954
198886
94629
107673
102817
12604
93618
58292
128281
125756
147963
100132
68105
164454
121474
22400
100824
136504
173019
153904
64060
73916
47099
168168
100857
193586
135853
21116
146171
95435
166209
39252
133540
35148
192668
52666
176247
165447
114560
41984
171132
101230
39647
175898
55723
77384
53510
116545
128800
191382
182308
78025
16383
199609
29245
24183
54729
38470
162789
104600
157557
19181
105654
179521
159222
73523
169831
68564
110645
56384
142856
75927
24192
79050
52995
40035
159254
145002
23617
80838
149953
28295
97821
52328
34280
136043
79107
86790
23524
108252
58336
75956
180725
189538
49051
151004
181369
160432
136097
37389
106353
62919
196444
93314
88808
151200
150990
85416
126458
158059
57960
168599
162071
124040
75364
121630
116998
126474
187607
110269
154228
153249
90224
42246
24639
168795
144855
146959
198418
20607
199282
144076
103216
81070
27562
95942
132564
91353
87925
67274
11309
60893
87163
117809
116561
168164
147498
156368
69103
182146
134004
123256
40790
22117
198483
93050
61247
194820
12887
34048
32310
29874
19762
40060
153589
131042
182912
23529
188530
32617
123429
29948
162578
144229
61780
107081
87264
23731
92471
198830
69036
42453
100996
56120
52934
83663
175749
188734
109347
165113
146655
113093
21837
157570
172239
195298
67245
160243
98726
69482
82724
158897
118428
133857
196526
77009
57376
86242
68560
86806
77162
16184
91656
147703
71901
99911
111267
81423
191204
161504
177109
123659
163875
66387
196412
76152
185067
17550
120368
145703
13156
118606
18579
155544
186711
98050
11796
186251
38361
175558
113864
78626
29037
77420
44644
199376
164082
14234
20613
159808
64223
51619
83690
100293
68407
127919
15629
47106
113785
54372
42178
107997
132198
106076
25245
73256
55726
109663
132138
34155
65796
190039
99148
98331
38175
108590
65704
176011
153212
69975
155744
175692
177181
118885
81446
90010
147561
148907
91755
140379
118378
191519
48966
52997
117424
11025
79062
176851
119236
110506
40127
89270
135939
133052
117444
71005
138779
22128
187369
86013
82577
168561
32170
34117
102462
116968
141908
50397
63177
64703
119051
156849
28443
140234
188477
96696
90604
62181
89985
174150
30941
194554
40939
198086
37219
33070
15738
94719
17201
19795
149110
103075
89351
53316
113110
112465
54842
70398
23864
67653
67214
172580
192054
91365
46921
139742
179197
24890
95390
47298
158975
27034
35245
112987
18718
90033
198301
43989
57056
102526
11997
38671
163643
45089
182196
115509
12724
44031
176918
94192
84912
156440
66739
110217
159253
65621
94744
45886
114250
81414
112444
149817
180750
55427
128955
179215
89058
112887
110954
35163
122951
174885
127297
45473
86571
172384
125530
56305
174930
197525
55367
81820
177744
188298
175885
184134
102024
147015
19563
167278
79399
31844
142151
10480
36851
56820
121170
134689
158656
171431
144131
44646
183194
104458
15238
110339
114542
84765
152846
167252
170334
115444
107793
150469
25313
161792
197078
165176
139719
77037
118088
53759
144226
143225
69963
177079
161062
160802
161251
72980
151906
77203
191245
179636
36244
184868
44017
68801
127784
54943
168107
144051
43481
58719
130880
37610
56777
186935
92609
58689
173599
82435
194100
155836
147253
23474
175584
80263
53424
14754
80650
138457
16938
24856
88743
105066
191389
114541
70272
38709
92834
103086
172828
65235
95853
166985
39073
149143
168917
33504
89112
150154
165843
161209
92734
16230
47377
20114
32157
41564
169509
129832
75310
82674
150369
98530
36516
39987
112102
63490
79911
192563
175763
123738
162358
128628
28915
143186
138436
19940
31541
16550
99889
99528
64896
108385
120504
115603
140780
99409
96344
23540
47406
189644
94914
151250
90450
68151
20192
155046
79891
166645
136372
153777
138636
126927
15016
129169
74305
109587
94863
173890
180368
114180
136651
27322
21750
99895
149761
199973
110754
89677
56187
143630
175983
51097
149118
30024
158521
176512
10263
85753
140155
19118
26646
76965
63786
24916
129993
44249
140221
68534
44278
58341
164379
82706
76372
12620
53298
174077
14871
93257
106756
33339
172245
155049
121922
59712
86843
20608
30222
187991
185088
126870
26769
11217
42783
138866
134033
29145
31987
43543
132647
84879
32484
128437
78968
149925
107756
94167
160282
136330
116146
88458
146616
102753
198075
148657
170916
194486
149828
191464
62282
144512
157165
141125
123224
10867
183209
66230
61237
178544
134642
51079
112366
127806
127918
153951
50972
178749
170247
139631
76489
169121
90598
74011
128364
72383
148357
39067
130050
71393
17825
32053
195607
166544
79954
106941
27039
169267
188958
190826
52372
74775
94532
78177
128527
16449
77912
179689
79765
183461
49305
74102
25266
180347
105003
22820
192566
52913
12927
135505
123751
148713
66145
118451
171963
83346
127886
48453
67691
147905
33174
158153
186917
30767
104369
47199
134980
138165
92422
19628
148029
108866
80655
19014
98016
133799
42093
14239
104956
148609
133660
86464
135902
11795
152504
195001
197398
139790
134857
167428
171982
58040
82888
191804
37902
50213
123649
97074
150584
117506
65276
91211
153247
96722
71987
154395
95081
152214
11341
189737
117749
95231
81151
44814
195679
50003
84952
184432
13368
145654
186152
65674
99757
184101
184082
36828
83978
59698
109242
56923
151236
124240
178031
41063
59855
96385
96764
43944
125554
60455
66156
172140
79355
15340
132720
45161
91741
53263
57993
104903
88556
168377
178013
40298
193585
68945
27841
164815
121220
167873
197974
156964
166751
194560
125247
190279
124736
54245
92827
47560
70973
26494
55129
140657
153452
38703
17930
69083
159864
171729
168066
130593
29283
27758
49005
73368
164590
142813
39578
164624
52628
125563
170278
71145
18133
95728
115904
72249
78845
95228
119234
93572
55297
173429
75114
88517
57514
27996
129464
123255
91583
26626
99588
67840
116149
32114
145403
46909
139037
135624
143122
31734
184077
125925
171606
23015
126619
122879
114453
64511
51240
146335
164934
62014
74384
71008
65434
124761
75511
16714
65999
181334
33708
56821
199671
109705
146044
113881
34386
98529
14426
188964
13120
10939
140525
188204
176341
43982
96589
92019
134612
102113
48769
88447
104087
17533
196941
29329
98992
148397
152177
142617
111181
147526
63919
193378
55915
88003
137292
110874
39357
74600
112132
99633
68808
181591
136002
74123
141642
133757
25896
152887
50360
182587
195936
121396
38227
129558
129221
30541
135697
188787
50537
136125
164498
66518
38229
73059
109400
139298
144856
69111
40196
73200
70028
68230
23630
192622
49454
33106
166924
173369
170028
45513
191510
108683
197871
108765
171558
147044
160238
162837
78061
93444
62053
195638
101690
174234
78584
129334
119527
159163
37073
150644
50881
191682
143871
116026
90811
132848
59638
127739
80645
126970
189827
163708
142150
18137
11635
25143
112876
181488
161877
44358
92572
78334
121958
101347
62485
107397
89533
71097
53349
80649
25761
111831
144137
132783
45758
126697
165138
63222
57197
66806
185497
114201
38860
162205
125662
29588
170577
69493
116383
42429
162515
67989
94956
48852
158069
122896
90228
118117
142688
40617
89242
27106
142530
176849
132637
146137
79570
71619
21617
153076
35219
121980
71209
26530
83687
103368
125869
101820
187402
137275
152385
133255
57426
157677
191185
177927
47955
190845
129825
38685
38137
25376
139376
59618
143968
97331
158649
77689
70292
103111
125834
41890
154688
174837
165831
21444
114526
14209
140118
113935
96293
147490
98480
108999
147736
143404
179510
100558
54754
193364
144870
26681
75073
194312
155578
17804
163328
108760
142899
158900
91788
106957
168555
20654
23850
192446
75728
130319
27951
120144
45211
87021
105780
133736
77929
166632
67235
117166
56895
195803
196077
115379
77086
148871
57119
61079
123984
36701
138346
38494
55623
110978
174441
43604
34276
70036
176498
163223
90079
136690
177334
162314
16002
67215
182965
39103
191219
186439
127538
82212
31338
25256
30394
93308
23269
145679
42796
56269
87388
101676
180506
185875
108264
58139
193287
159049
19609
36348
182987
196340
63109
119033
184163
103354
89297
181617
153672
22361
138480
135240
128614
162450
191014
90572
77004
46974
108738
62602
181458
184231
98873
23755
163833
45056
163245
59013
84391
82985
30066
109503
181613
143882
141331
64091
52684
58033
166422
29823
55653
94477
197936
138851
159745
17585
74174
118223
89368
103078
143532
151183
176897
44284
153174
70492
46062
82372
58701
129974
122540
70109
171053
175313
111904
121469
40499
159172
157092
160171
40028
196508
74207
57090
43306
105331
191520
183885
133376
81394
127205
49870
163009
109861
72642
77478
26806
41633
178023
183389
161008
58475
168334
120293
167091
165638
156737
175842
48114
119642
50318
159762
108519
94186
27178
60547
122115
30049
163691
16542
154855
76726
74786
71739
175845
75703
141124
134838
87161
53943
178271
100787
77884
146422
20202
192921
191823
185566
84547
101595
24397
38364
18704
30602
138123
17129
148921
136851
184480
35268
90691
57035
178301
87335
19210
47200
123444
182304
77958
111881
178456
92701
30113
193281
28840
131561
197195
60361
72358
10748
67107
69577
188119
183390
188446
54359
88655
181547
69491
145963
38602
13521
157751
78895
47373
40283
131469
140064
196203
168392
139595
31640
84192
78414
116200
40348
117797
184106
103899
71250
120721
128573
43879
22829
54667
132094
106267
148517
34181
105116
176058
31566
180038
186069
170859
93061
126910
141883
52522
48485
140738
130166
58528
111645
114317
95688
73976
141053
38450
102570
93742
18645
151032
179070
48648
77671
87299
185870
61013
150680
45417
90113
139054
87713
114098
122622
47152
73078
154241
135534
15253
18862
13758
76164
53086
42105
154885
156593
26316
71228
175802
103849
22427
27015
137604
182831
94902
159109
28024
54959
77707
135154
110060
113683
188541
88728
19130
184284
83739
61896
187505
174453
44240
20800
148166
22511
66807
47524
156114
84850
180563
36775
182523
30524
105088
119383
50749
100899
81915
110336
40739
157997
115962
121320
169093
172729
74940
33199
40286
15724
171274
149432
77542
124276
133742
89541
143546
152067
89195
31253
96402
51835
96018
68820
93274
27001
138845
54015
133525
26908
189077
21440
160938
45990
12888
137855
30135
161214
189454
160351
173569
29811
109061
150314
157207
79022
83544
98953
27377
51198
117505
152206
141931
61009
148498
199381
23419
78277
20522
154161
148326
40025
178725
33029
117977
124160
198038
199202
115660
99252
18444
192201
75656
26980
140081
10115
162422
132559
56949
158598
89883
72762
118961
45213
47780
38004
31102
187020
144687
99848
194803
119909
28192
75392
50215
176893
124568
91897
183013
170954
89884
46324
71537
69397
42891
133509
77278
30220
63623
156989
132733
38451
108174
65884
46741
46494
158218
143027
11052
24345
132800
40404
83112
171610
62031
21739
13763
117746
179458
92480
53648
153770
180932
82418
162750
25123
50770
34892
88561
165160
141882
33880
76612
19826
152010
39313
45025
98964
89135
108187
177918
115820
174950
57579
117060
71239
190294
166532
10043
151989
23817
133497
84094
185412
13616
52589
125839
12507
44317
83906
66247
194702
136493
131141
187462
121087
141984
86261
65231
50271
140004
172963
138725
32235
55644
198255
21794
66466
21408
59865
112209
164527
52981
16027
81897
102555
134251
117345
153731
125609
102890
35949
29665
186269
25905
158922
134875
61111
62469
140367
117139
155267
28895
184217
115090
43875
142562
26017
49392
123500
139785
51143
33974
73322
64235
135696
96400
172683
139791
171403
38616
119547
22815
13345
101649
145009
199126
128221
158206
24718
26738
173316
118559
106136
21902
29114
16877
81892
49659
151546
160093
189362
184471
25038
116029
166869
33021
137036
75899
84267
72560
75426
181541
42727
147524
25119
138584
123758
165247
112270
44010
119713
33678
27775
120246
60107
163281
40504
73861
173885
133978
85083
95565
127178
199807
91147
132340
126655
83867
17169
124457
123277
121788
21916
106835
129649
109279
198142
12486
72268
125074
25811
53007
155676
39799
154325
178487
25464
37933
94211
50187
171016
97306
41049
127740
172046
89439
113661
181019
25438
58424
120552
121478
61006
77909
165246
79192
129660
161443
192400
25642
158806
171142
61494
136772
114949
186486
151363
125308
48150
87199
177499
189649
25910
128161
81139
27806
93396
27235
157852
23717
199375
144498
126553
152773
196380
44917
125424
18926
74624
146285
134597
183845
43665
11908
93199
46889
196277
48901
190191
134100
129336
184897
52743
120842
20945
14185
44533
123381
73170
181408
178337
155693
168796
77352
79223
89425
54885
67869
170639
128948
121316
58524
51164
164303
105214
12097
64286
80006
165886
61157
86534
56033
13433
183142
32561
159125
198340
41856
79353
77005
74908
19301
62262
140500
154726
190656
32109
94571
48006
122846
173037
164997
181486
16185
44071
192279
112236
86691
84688
100686
87815
26463
137347
81224
62128
75686
163807
55671
77506
183784
119196
194179
171681
96111
80868
19150
197439
182537
40685
38919
192597
163855
172402
55546
147687
79108
44733
179103
76042
21472
177537
73794
198741
43224
39530
93906
114355
46362
11452
93148
155390
12307
25060
131900
155055
48815
192068
128844
10808
182820
45836
67764
100675
164486
42185
72831
14676
181823
139136
155756
123036
89177
104530
138558
139190
44463
32899
70522
34885
189517
55033
123491
161968
137068
179288
13471
53698
106382
57452
78686
46425
180903
13339
130920
157615
55754
56519
30495
37592
16376
183710
22936
196500
151166
79020
180617
18521
27745
30608
104846
41973
160440
137196
176525
57475
41919
20354
79292
120986
25826
142909
70400
152794
120512
192533
180289
192877
105333
174805
128911
103835
193213
101269
26768
182845
160501
106188
134295
175164
158097
139897
98680
111075
134221
135492
117788
99271
191361
133761
144794
125822
116420
37746
197922
166880
70908
95040
16778
186186
155415
114314
42638
108063
110957
180137
77006
154587
148824
95766
162467
180357
109404
19849
141197
24058
40696
115118
145579
134893
153297
100057
130309
29077
106158
38973
83100
148156
120203
171199
92921
59048
142839
64948
166135
160082
143293
159638
37057
16162
119775
34701
169248
159363
184274
164513
84880
50896
67763
28510
79401
81663
109968
34219
180558
10925
49322
58402
77808
141475
119785
187251
127249
102604
56374
120300
185063
93646
74128
93637
51694
117546
173575
161648
152166
20112
21001
163376
142299
36233
21653
42545
152201
21924
185233
37625
106176
89323
23519
114347
189795
14737
146385
194641
16921
44739
91331
11991
73726
122381
186373
112165
101383
138192
127088
74042
10677
147732
198302
21658
57176
153641
29232
132994
176522
59337
73752
140300
87113
173372
150373
70261
145851
157056
72780
132372
57735
191408
123001
99081
33594
49410
165507
123259
192168
73868
147319
54529
15334
189191
58069
75487
128499
182180
176920
58699
160999
143033
154793
83895
154648
56598
101896
55097
180307
12976
28148
184127
165386
56255
189110
172915
175492
54507
68235
154333
162163
81504
161466
174429
171965
19511
11234
67461
33476
37764
136699
96453
65343
138356
83145
21436
25114
132711
109674
174097
86391
155008
197795
131539
121209
104122
38375
34724
159637
136466
118195
150135
125780
58673
185569
168391
77353
108052
65142
79211
174001
195047
140182
121099
95120
133581
84648
100969
143556
26323
132380
82422
154849
90359
68877
67597
48124
23694
183535
113608
38109
91910
143848
66058
56570
116248
155219
12410
58495
142222
142294
153623
111527
167240
87807
72316
185723
12279
41723
86982
79338
154487
139396
171778
152839
98170
157888
71246
167631
175488
96967
89480
95684
184625
87776
68437
166348
162839
89491
158471
46875
25243
54534
57461
133105
74075
150240
63146
52598
18057
86565
197102
140096
40440
51613
56189
176977
155446
31889
108130
47711
143973
92589
156936
178154
56699
178428
137616
158804
197314
199558
126521
33385
10249
160447
129362
68784
18510
116360
66333
99043
132567
168065
145105
148872
183917
65137
18757
182268
41461
92122
158345
159288
132614
24432
142475
189391
89354
112157
149523
140227
24294
101211
154291
198214
107099
91870
140706
135140
165422
87488
97703
142183
27124
185456
112643
172620
191685
143215
21870
127055
125727
45250
28509
172246
110811
70745
90517
106273
121440
26852
168176
182871
64591
180330
73349
172783
149319
194113
178629
79524
148157
16899
112166
103480
175664
14721
108542
151940
39261
76032
64636
169084
67852
162151
186542
158772
39240
20985
196544
17486
75651
23411
39856
108275
129433
138028
191990
132864
18659
127461
77180
134081
195768
111930
19319
113531
141458
37061
82287
172922
57310
170488
185522
22570
66713
19864
42265
102697
10519
146578
26779
72826
98775
46582
133208
121319
181117
65569
64444
38783
74592
111045
135898
149190
106971
120490
32509
155011
10174
187646
130244
184104
167070
53296
114254
143682
53778
112227
153539
195746
27110
167189
90630
140362
91414
105072
90342
158719
152604
130112
67998
199642
155248
39669
129593
73524
125694
143191
106047
185241
162364
148089
54279
157940
113087
180061
75911
50484
102165
160266
130120
114827
102233
68424
96190
14469
167005
36561
153720
14021
188864
155211
74902
140955
34114
143695
128452
179320
111145
59951
71565
178203
187934
14597
164318
19412
131679
108191
11166
181686
32012
75164
189639
40406
143954
33214
99657
197041
79712
29431
38339
157292
144316
87636
18085
169073
106960
175390
161919
28619
184408
55627
52646
179905
125188
27603
195525
34841
16474
102139
181070
50061
191604
54054
188664
74217
56242
86313
127617
30110
115669
81814
52424
37407
26547
134751
108621
26358
67348
125627
175178
18952
140352
38230
70124
37322
15336
41716
16775
23554
84944
30925
16832
119559
40868
171816
122781
122786
137079
70167
168197
58956
66825
76150
135956
69267
186550
155640
47915
81293
94009
145328
132002
87166
118925
163645
80829
116232
42239
62047
58543
27733
148223
100418
26747
143742
84813
76432
64764
105899
109742
152723
15660
163555
104641
58647
122337
113818
190428
166355
148940
66971
20122
14441
142432
99407
100981
142442
149037
192645
197861
128848
17480
88726
130881
98759
145459
157294
16042
120748
115858
22772
108007
188111
78697
84966
56131
118631
107076
41791
112941
141862
179967
41003
28041
94519
22308
75358
51748
10489
22140
64727
79330
142086
73571
87146
48982
26455
67256
164464
77538
192727
143425
32059
196536
135404
109037
21290
131813
121711
83800
14588
192047
113486
120071
76541
150650
178638
93585
82357
46515
48637
88720
45258
117712
166197
184754
20918
131531
30262
125206
78075
185311
70339
100564
77830
92883
187365
124755
182793
163074
144797
94725
57488
73924
92220
150823
99559
61808
58904
38170
57629
94013
71446
147973
111160
168370
23692
109392
162130
24506
91831
23921
99652
123397
26645
26064
33929
92282
71135
94174
177890
93908
146085
74667
76148
19138
57950
169146
180228
18136
112940
26007
184216
68396
192333
15566
87797
62929
158411
81909
120571
38457
141196
170214
60927
89069
175761
77068
114997
89792
127630
64092
136381
39697
17836
94555
194362
193745
172258
53434
147959
69240
180973
23496
179556
121455
149443
122323
128865
133116
161901
69931
130245
37142
86451
99266
104967
172477
64522
28885
191582
196348
109449
112116
59890
17031
166649
68264
69229
62803
11773
111810
46531
129645
38289
95986
191465
181607
58747
141448
55262
71974
166388
20583
61387
179832
131005
122444
160325
140131
43439
59381
29914
53899
136060
97389
26884
144642
194148
161578
150902
174894
149139
101653
188987
54441
133884
111302
37761
126441
141496
173475
103003
64584
138565
66632
148632
80989
70285
154125
117214
126264
160850
10397
149254
50934
43507
112544
90012
70582
199628
94824
65444
83988
88675
62906
92170
26154
174656
199377
84468
55304
36738
62863
177432
139559
21111
24906
138111
173007
180186
76883
18466
129969
77066
173143
21634
143934
170062
170579
82727
138794
145982
88576
119577
110965
129962
169451
133498
159652
46718
81065
107437
87744
168571
145407
44932
62452
12550
17391
114902
180744
165109
56150
59190
161922
20303
103345
22442
65608
160101
36626
124007
40922
23400
97126
161585
94920
91684
33973
188030
191047
61648
54397
132210
17251
195655
97554
118965
61419
145201
101262
128565
17471
34412
168077
14677
97870
152039
96662
126301
189947
114167
166217
85842
103441
68632
144719
190957
71151
122071
142805
74141
139060
62702
129902
55433
193626
148737
191587
181715
97048
160191
83957
103100
80146
109794
123210
78037
64179
151661
182184
58706
171770
22744
136954
152541
137438
37673
157528
146991
75678
125523
138796
88011
149195
121364
25868
184855
25155
143155
57779
184578
160968
28107
107528
91686
129034
159199
165059
73519
11893
22180
74465
135175
83129
93415
72281
126036
80235
157351
92459
118935
100655
186599
189464
135474
128582
106627
54090
143683
85003
165812
189103
183782
159206
44614
57525
26922
38456
107147
64483
112779
95535
138435
105505
91097
96647
39093
51447
199672
33362
105486
54265
143714
41605
171646
89122
192345
110442
143462
123087
60789
179020
122994
158997
176701
193979
31579
25014
134580
146564
136840
141872
20633
38736
17763
138777
162262
69035
62011
54847
11998
140147
40040
19363
87852
29864
160651
97408
10660
183493
95056
140180
188429
81916
68740
86548
112919
193514
149271
75166
131576
83365
148847
86383
164213
129176
65326
176072
111629
24554
137633
75624
148697
69523
101502
184970
180998
50098
29418
178394
147718
91443
48228
37953
177473
70558
176982
167886
188266
179061
199876
154016
179677
128803
75094
68011
111298
80665
185056
159662
143046
89776
164394
87276
171789
45231
156306
91984
76390
36304
28947
70687
144252
175861
20213
119692
165899
44404
78605
11334
83630
27512
77932
185498
28372
178368
56591
115432
142838
29533
21029
112473
146868
166418
106617
117808
145363
27768
183005
199490
166625
173773
29339
86337
127274
44667
191481
157856
70863
136775
174023
97312
127662
194665
46264
111515
114447
182505
104812
151839
28929
171140
131742
96885
39004
136888
191542
37466
143255
100533
107571
64160
29712
97527
110167
129564
77338
154373
152026
55048
82378
171947
86881
58039
127929
106525
196983
126602
137977
78199
49343
162767
52040
113431
109977
160347
120760
30691
127799
197421
96137
70728
118068
166361
151389
75455
197537
34241
52863
157924
66485
99926
79698
42780
146056
128656
172174
145144
85987
64335
35585
132390
34549
140874
19996
171655
141302
110865
28964
69442
172507
122717
130942
61589
175115
25192
101932
67134
142094
142984
144417
111618
108786
177495
130040
192906
130005
181186
85244
35388
141725
116318
148033
50575
33161
104377
141015
77112
124527
46949
90209
145126
66447
55722
33677
49581
155066
130002
124163
61795
30022
150055
191409
72884
66545
166329
158036
35892
82070
33836
141442
13799
71034
186851
192981
97823
55547
117589
134255
147956
165606
85122
159545
40992
71208
15341
111927
47403
76810
54394
79618
65473
48986
19392
44821
101309
138170
181030
15708
38007
22063
120262
110750
156262
62359
27214
52509
33549
15446
64795
73396
164238
108003
156565
50419
146775
156473
133113
146958
58328
138819
10919
165011
188827
30723
36139
13163
39142
104234
77608
17109
104335
163733
106673
22205
147041
189524
163325
30774
30232
101462
133927
69718
87790
13216
83417
66151
139366
157075
117048
19794
60519
140824
130338
161039
134665
42992
12380
154042
63559
102315
89283
41218
58464
191605
159670
197031
80927
62101
43402
129577
167379
83290
137863
175035
14831
124055
143879
83953
42434
113079
144481
149700
39379
79695
52886
18400
31614
45348
25576
70814
76583
23187
101178
152331
175737
135470
124943
69271
79808
44516
40839
92595
142377
28951
156320
98555
68918
34806
127153
18968
18517
167038
43639
127276
40947
127524
146411
72925
188730
60850
53670
150236
157650
191355
192910
167646
42733
106256
79907
47355
179898
185589
64799
38069
147944
198577
181993
82303
81642
49205
112409
193003
142930
187820
181371
109238
63708
192575
56108
20627
181910
26595
115163
105300
147014
91444
60059
71911
50722
121215
168527
150080
69569
168626
75133
77106
46162
34294
176565
72435
98426
73407
71763
47896
139780
164167
157469
77335
159013
182938
19209
163153
160646
90096
101159
102970
96486
20200
103453
40837
119708
37930
197158
145629
34102
129799
79586
193913
52338
110854
171269
51394
115155
66216
157417
13292
45100
50851
16211
174149
101359
95800
64579
96554
56628
86884
145989
57207
33906
14201
20314
176985
45194
27977
116821
84924
176074
27438
36124
97382
35636
168966
143573
177221
163908
44015
129164
186795
51905
11868
145691
50890
13618
181827
172975
79274
192654
124246
42734
152447
104403
132501
109270
78921
102030
76258
176379
37671
144565
81042
53826
78077
196747
183405
98039
132371
102389
10069
26328
12162
128526
196059
172689
17013
91690
18855
56113
11619
176427
78453
25713
85098
62501
181770
61882
131298
13059
81917
187298
94871
93523
89037
178990
104420
180922
140644
183999
152636
105587
140202
12143
72973
187391
79038
20465
183582
193429
146641
25726
148582
159708
42543
183649
189657
167306
139817
151209
60173
42592
14295
78667
131591
70881
129810
169893
86353
73986
21399
130863
25269
125537
179154
166982
73635
98104
152691
133774
185050
179742
145585
185427
178889
42341
42496
124624
184823
191452
41228
84719
127119
113688
141208
24887
168611
178376
61171
15600
194726
69391
130051
95058
101175
57420
158435
95976
148877
157864
157919
98533
24989
176285
65435
173120
127487
177175
164704
11896
78307
161059
130165
195450
151348
71249
71951
107258
66468
70621
192565
147819
68894
70678
86687
48549
79897
178811
82751
21932
37048
117802
27547
197989
27766
103705
58581
134686
37811
121700
199299
175626
29645
151785
19318
146441
132147
185828
125526
197977
16179
137812
161047
93303
162540
107977
162851
155795
189162
159060
61863
152184
175678
105560
133074
120643
113556
194697
63417
18561
73212
185140
124063
64404
70295
12350
199358
111010
158509
162782
25569
175398
33424
117104
75787
12117
52254
133112
122638
45900
54908
108064
75508
130473
60652
198145
20441
191490
23032
95034
54820
68780
52619
169399
159792
150682
20184
152795
134344
70867
169114
144325
98809
15896
33039
88153
44900
24839
133946
86576
185922
59346
151186
141353
80867
62531
63531
184651
38103
98562
100390
83985
164220
54673
42207
62561
114197
105121
107651
173086
12310
170004
75334
186933
180013
95911
20330
137598
178307
49511
74006
165330
47397
44579
166208
163132
108161
194031
99719
169934
188367
38274
59040
42692
32549
129027
83355
61772
158778
103988
98138
12227
37775
11604
81462
77576
73761
79272
99291
138766
20616
16266
17465
82750
68370
88498
191184
105619
10607
111895
44396
131440
55171
140699
71348
146593
98512
132045
73782
20953
75480
127606
178787
130107
195111
83758
135681
134930
175427
129750
17416
123137
12165
51581
137337
180155
32060
21209
59582
54595
181762
117873
192880
83853
103149
89866
129740
122268
26808
173054
156167
78780
194858
181435
72820
69372
34981
145048
33653
171406
58384
20944
20628
89350
36090
53427
189360
173225
91038
126227
185400
93940
73638
167567
123720
197397
177782
96211
52006
194523
21224
14160
46537
169691
12481
177002
148248
35563
113599
109709
24743
107458
63519
43152
10723
75477
153787
110405
73720
125084
107567
147250
153366
99396
152532
42102
143749
176201
186865
141744
129704
37416
186508
44361
107566
74721
90778
114644
76647
85137
38665
73632
177879
136542
123347
127649
16494
199314
191934
183822
135620
42038
199797
165585
194707
74642
75083
93744
93587
122698
76275
173343
43861
54916
151787
40046
156270
110383
151832
153489
32777
157902
10319
182711
59203
104650
161087
33398
127808
184283
199678
114914
163206
148799
152421
168736
16130
97129
185810
188888
128518
152077
120335
10962
163319
122723
25714
196737
159019
188947
40893
144506
47307
161219
98651
194642
181793
110449
101847
179956
174414
66878
70858
99777
51155
42982
180407
17058
147834
11008
169516
196675
87542
144596
33918
107878
144408
96516
125616
47296
137044
73606
52405
143635
181193
74036
58174
86898
77055
25040
57835
35073
150966
145064
159649
181116
51275
181147
130424
19455
105311
152442
58096
139764
11810
113729
59947
104724
183208
54644
160844
65395
29713
42083
94603
102060
151020
84665
136105
62054
84002
103033
131349
99057
117814
68931
166752
21058
62316
31809
55268
80352
92265
131549
19232
58882
143625
144394
180456
37424
111503
63557
118931
188494
63796
148445
123052
72590
176505
56488
197854
154432
50775
85180
137767
187666
40978
123569
58739
190333
46064
102959
47781
139086
149340
88934
101302
177858
64836
179157
13575
49381
160052
157690
101048
133558
107517
173025
75272
57874
90141
71371
30670
176226
158877
47345
53415
138259
17521
161288
118564
184853
61437
106395
155761
31147
14818
48166
58545
33841
25241
163170
150191
47579
183264
77681
103999
158180
58467
23476
20920
59572
152708
151517
171576
89433
72705
75258
169606
97473
54930
74749
195784
199461
180062
67549
128356
48177
60398
48898
17276
10156
17782
148408
185021
114625
188562
57024
96611
26159
185047
44924
182624
51258
94084
142904
177727
149682
91323
193769
92861
128669
61034
56009
20437
22622
56260
128401
123147
143945
72083
66848
168106
38960
153266
54247
161287
198383
189900
94058
141678
29683
176377
51737
138911
30405
85158
33636
13582
193304
11307
36142
66570
45995
168715
139868
68440
186534
168658
159565
13453
186783
133045
138919
99982
109334
126643
46437
140448
116194
41682
194317
185609
107598
190636
134198
83286
177344
21843
24118
51211
60742
193630
12944
149741
35349
157793
124209
140435
32769
122767
82611
197853
62157
150754
151674
99325
27327
12047
185827
140512
140564
22071
119936
38434
54883
79495
189598
39894
137967
86651
119973
139325
103517
56364
33756
21057
179863
103395
170467
63681
52277
128156
140395
183516
186260
10163
101425
59740
184980
38910
11074
68676
122878
51396
63185
83050
199263
82350
80490
10307
99229
57618
90739
35512
145926
175965
193870
147110
22689
93030
57660
177488
36957
184487
162983
41570
194054
120255
153369
81730
64806
134619
195865
79016
87242
61770
143705
120782
91454
48013
125017
98265
63669
86633
186301
96055
177573
120244
159663
145911
79410
26266
80978
192689
106124
42485
13370
155001
129672
152688
41795
66059
122376
14526
67868
191687
150254
78444
194211
38316
141434
189102
127314
68466
91226
63905
154250
26807
124812
145227
197100
58405
106893
87010
99416
57664
198729
43649
57529
174899
89057
47589
65582
114616
107782
168531
195458
149522
93208
16458
97983
61569
79971
124420
57405
186026
29313
83673
25291
91503
38646
49543
142720
22310
187826
167052
31304
28194
144367
74409
128317
179127
46710
66751
105274
160384
170198
78154
12090
15973
33159
183993
21134
27541
42316
94451
192147
48959
40135
24550
107581
75019
106551
114323
166442
125274
191336
108339
160901
155316
191967
27909
80205
18418
143666
194742
68898
174558
132197
166919
88964
172743
138922
65119
155073
169834
192438
54733
12683
171032
23388
196430
166125
133654
143906
17362
12382
194679
196114
13193
161753
57900
193167
139683
169424
113052
92806
109800
39013
22538
173830
22342
112443
33468
166333
149178
14766
180695
178296
135333
93988
178191
28315
18321
139206
97109
61683
84147
121250
135936
101019
65490
57687
40258
69131
179849
86938
199880
183673
197900
161803
15684
151612
137052
33916
74412
50814
168680
92688
62324
55316
177552
169300
71304
172581
63547
154809
71386
113314
80342
68040
106544
152495
95791
72617
84752
172223
110403
167463
171783
32609
77347
28094
59939
99186
183508
173465
52074
85650
197162
68743
165431
196556
179065
40666
156755
150506
157191
17954
132786
146466
192019
43897
141341
93212
29805
185856
121023
82700
12603
175808
34023
49139
171985
185306
131756
16178
71873
18425
98679
174928
90947
54183
75676
148360
24007
87361
34308
35021
108751
65354
147504
108555
77087
26221
121318
38398
190907
44282
12653
176302
40153
190574
139867
80778
91076
47796
198989
52951
90893
188008
11057
23654
121964
184687
40832
127941
176205
47112
162808
11801
85687
57873
54674
86755
54536
28759
125828
73508
55522
68633
102215
72822
12691
22139
128500
16770
94939
147510
61085
64928
91311
162164
47936
190967
108798
64946
153892
54645
192946
86706
158109
13537
189970
80819
137975
19381
115789
10100
168350
112461
186479
132661
74371
57896
134923
165742
78916
98474
198232
129299
61361
105293
181562
113394
166375
96246
27007
140772
30637
58626
32860
192055
57296
127131
178436
24752
27825
145427
48945
184777
118693
27972
195394
99787
64691
110413
66533
84437
38410
58989
174576
175683
191432
42656
84809
127985
52179
31545
113014
58841
184647
156564
43767
41454
138189
180039
187057
147828
146557
116661
21936
91160
44822
55540
56679
167848
65154
180355
41579
180105
19156
24446
50069
164625
146153
114096
68257
109854
102240
142588
139350
142048
94073
55075
126069
187610
157173
20298
73812
76014
51278
46160
139379
119589
34426
26720
86065
99500
52562
12083
48908
190988
131814
89563
80831
149343
90803
97597
73765
174196
171869
54065
26887
69004
70215
108845
159746
125277
43273
12025
28705
143361
96492
74933
154836
72865
168915
99463
77759
129287
20871
43023
195902
42049
149328
125213
106916
63788
170516
157016
63854
40114
70559
191695
142601
102056
187560
29734
44841
126699
186540
131765
193348
85598
91697
31950
116114
76385
182945
99861
96529
85921
51900
115629
67357
185158
176013
60071
64865
178165
90291
191983
165805
133458
136648
97529
163389
103518
69206
159688
101685
34563
101601
35833
178177
34408
78794
105512
162411
98903
110980
92727
127382
158678
21548
91063
193590
124295
121393
108319
128252
134634
183439
133078
119200
174101
169643
117008
65092
79518
55229
79356
144010
142729
66686
194578
11390
24628
119590
65760
95362
23161
71781
145749
15687
106229
101689
176540
51313
162720
42637
106715
178499
23854
38707
100225
25511
39226
113592
118274
54355
67028
106441
11774
103276
143236
149096
177977
191975
180534
12439
182231
183875
129597
131603
20947
10131
63632
125471
98363
147866
131659
183517
114066
83672
177112
180621
96303
162154
132472
30678
32149
174843
139660
70517
28071
87809
136591
27930
178652
130434
76733
86743
57278
54040
135490
141403
155516
56040
36884
33984
90055
15417
147067
15354
180663
81337
106089
106040
25730
189586
50790
48170
33649
33952
159436
43445
83706
199760
39312
169435
38739
26777
151231
12748
119639
153990
150871
70861
141769
154568
165382
74137
69979
191273
14279
60888
184837
163940
162415
56382
21195
174759
108851
103092
96386
53102
93144
56046
83951
123709
152796
130636
57850
50190
61321
199033
131111
119419
40663
14078
31549
71138
125576
93620
43582
35521
99892
40328
103576
185872
44710
124962
151789
28169
105007
110830
123165
38757
86654
16977
97259
96543
152892
131374
182738
108101
152909
97867
180046
50340
78854
144005
142806
39123
143379
23256
196253
150215
181254
96248
64510
101419
124081
34356
126749
126848
58881
77509
159095
46715
120035
37233
88251
128126
121813
153596
175306
103668
99631
157291
93210
60132
173038
34433
127945
97722
157240
104434
156483
56589
107175
127832
103934
108116
165159
183256
108697
118882
93155
112655
15130
60289
128087
45039
34732
28618
111773
11477
107366
32569
77148
177816
72960
97151
158408
56593
163008
38839
71444
172488
71292
169996
134467
70530
136263
145782
146257
61810
53647
160083
39427
188974
49397
40506
146943
25752
134743
11417
125311
141433
118779
159557
71405
96881
102325
190359
135674
16964
171822
65673
93599
12294
116229
112604
136323
175591
12698
99074
191469
57320
125638
63056
58683
75016
46237
118349
158699
18761
26934
51463
101018
141297
183251
36887
46713
107739
37561
18948
169229
92351
142803
143729
134400
148506
195386
157304
174398
133638
178400
135161
33945
148200
24587
127435
142523
100005
158255
189821
180144
158323
135760
178045
108400
156646
49431
136300
173944
90890
176445
43251
104347
33712
176850
140328
121055
137819
119032
147921
72301
52330
92004
44951
132500
59581
111670
65891
175846
112290
180935
42672
193205
34305
83738
197681
74784
111238
35613
35576
138682
109916
140968
16324
44418
177931
88961
197679
70325
187183
139933
21744
70988
143351
183813
25033
175224
77247
36128
21147
82870
198401
22597
71080
133238
53756
122172
36495
37198
148239
191830
137383
47858
100336
71694
154528
191897
83762
81110
189437
163809
150864
166201
32079
79113
159986
178841
162192
174725
88337
57919
39016
115124
169910
23786
122389
139630
146372
37805
143396
191127
42517
181359
165123
63270
57474
15250
52794
131260
170160
103519
38605
70856
119111
192626
101669
108718
14563
185015
93220
130573
179785
46912
86406
100561
181015
95750
174420
113585
183345
81296
175644
51365
110621
11040
64403
49105
29527
174073
58574
130253
110034
90470
74838
25244
178953
138359
189692
61813
190160
17518
190730
41859
60393
85511
132721
139484
14852
127441
54358
95529
117520
55667
110559
190979
19750
91800
23611
129438
135060
154072
55216
188481
195350
67403
89293
65479
41121
136853
100633
27810
21349
130552
95080
13383
51187
56335
32621
73273
56875
87854
109493
36481
153069
18415
53877
98743
58838
192336
168872
124014
114668
14768
139240
103558
59329
159131
49307
189558
24954
120854
192569
124470
72069
31812
167249
182590
150276
199658
199021
15346
156935
109580
72131
85350
24172
54485
192472
187632
112043
170151
153395
47320
169129
53301
172085
84573
152070
127814
25657
23726
47675
82277
195015
176297
33363
87191
153198
176639
192484
196569
180910
82280
22958
49594
93655
130211
155417
19277
183589
59221
113043
56094
49497
96169
56866
73336
59629
139237
136087
75095
26638
74626
52279
82970
37771
65371
28381
65589
147599
25862
181890
29033
128626
176867
157263
10856
156948
122991
82579
124712
75145
93221
148030
100709
124503
35186
166067
127998
160135
195730
141765
172979
199132
131336
17147
124388
173160
171169
101121
57911
175052
100251
19230
113770
159034
68430
79136
93195
194595
130632
47625
58170
20367
98411
190190
54273
103599
60369
67243
174691
111565
53196
139386
92485
30207
70656
180657
103526
113728
78516
39269
75640
135047
189180
171747
173984
129407
92627
12769
78744
196964
135139
136023
60254
130191
159750
135791
121957
155978
74071
72378
73639
96036
96068
13808
94110
162831
118003
120914
96087
162836
46768
51421
65951
103450
141852
143241
68354
64244
196483
184557
42136
79385
170061
156695
61570
48504
120280
47757
38485
48084
82142
118285
118609
135449
42222
82899
135098
167959
46991
10404
99293
163925
48591
104257
190551
31730
172631
89740
48570
118744
112340
79666
30894
84115
131006
101674
23816
26781
118632
98185
70986
70753
81424
77951
78886
51623
176480
68514
45763
138183
98977
24564
16654
35630
40121
194025
78008
109232
74764
10056
140483
100497
135701
153598
42150
117053
130105
18469
118439
134417
192255
119835
147018
99927
57961
66439
83010
108516
153571
197228
175097
78870
179880
155808
123073
134440
188682
149772
118023
99060
79372
188247
124445
161421
139413
79942
87084
22459
190676
161217
110081
79023
96065
104599
36251
96694
24731
190092
22335
183004
14444
53728
30751
84326
61012
56213
173682
139705
88450
169944
155673
198159
44395
121670
50682
178630
146592
27472
72618
21801
35377
82756
17361
124784
72893
38822
184724
68187
94280
104675
113597
169694
100691
126719
73375
114759
185776
145625
41550
15424
186669
36710
58638
98038
189575
53556
120136
115570
65501
82729
112748
55140
177406
195204
191502
145789
118590
124231
166743
84353
85280
175247
56716
110891
115045
169502
146668
77235
66416
74845
133476
74894
123914
17268
197356
53701
134558
159230
20215
48088
144126
173813
72092
47236
46591
69542
105058
133468
45323
178260
172176
184631
38005
185153
168971
35615
30526
96657
91001
122969
11552
173623
172383
38051
19442
167948
108000
147098
192399
111351
75756
49253
183658
104507
174533
26280
103834
184219
124745
183688
154615
153561
89249
181938
31040
169532
159794
39593
132613
98346
160673
185222
79730
119993
80941
98618
105866
133694
78491
41615
23979
28384
146006
137577
174008
35157
158013
55672
57010
143020
64309
130642
82155
17741
114134
19253
173325
179933
62219
55499
158308
198268
58724
78742
37058
173735
91900
78918
179110
128302
109267
72755
15298
92569
41300
198223
160396
32500
157102
48538
163969
159558
41091
45924
136079
13334
183302
27339
119261
35451
43165
61995
149292
64923
81377
19342
49921
47873
197415
61836
165637
30813
88533
29549
158989
103447
121525
145381
101513
54449
90905
10628
51498
43372
182414
23875
166695
122503
19355
85977
156338
43601
177229
128719
160044
195352
171064
111138
197178
102509
191476
75966
83709
44852
190549
100355
70250
70034
79857
142707
89449
36191
122599
185257
154422
44751
125965
150016
123669
161595
112022
182410
101567
29728
46953
90791
191679
103771
100297
197811
179477
127522
111388
145137
81016
131432
182568
133902
16078
93799
136702
43171
104192
141515
94530
41533
43754
90162
106242
168602
69595
120167
148675
13718
105288
59526
160601
123342
63261
61718
175747
56443
83411
129562
97411
57271
104933
147474
54252
32582
142380
114146
85115
182055
114892
56741
84511
103107
148486
16618
47743
86283
72744
103264
21291
35808
69603
14060
86373
103117
67753
139681
182720
53997
133415
115989
193133
117522
25431
187664
162842
109936
102331
71677
120187
177936
195495
195475
159737
69532
125850
67909
156309
195597
41539
151096
23997
50594
115975
53665
11797
38534
16879
195864
143924
73328
149506
164185
57774
154989
133934
33932
55699
190914
69333
108695
125717
83002
28280
44716
14845
83608
155809
127879
12081
145807
55755
84229
187105
164978
84244
159016
101696
175061
72060
128730
47190
48366
188687
16304
95284
111601
157695
98946
155654
185203
14907
98760
74208
52861
56605
45142
188649
76387
171571
181872
110516
119332
164660
154146
92526
51859
105752