69104
29010
60748
53388
32223
49869
61365
93246
16193
94000
74566
30287
22045
82989
27994
73489
44554
27835
38938
69048
64080
72491
16552
51184
77844
66870
53039
52258
55465
38328
32750
59400
87298
67057
38844
52251
69322
81929
77145
93788
30669
72807
69620
59090
17670
13232
98598
51670
98258
88300
45551
41854
68797
78272
18764
19822
45194
26153
36697
24365
55299
42616
42353
54595
66822
69176
70338
15096
30279
18389
12552
79309
57586
64500
65501
89014
84437
21438
44341
73654
57384
16517
34384
15680
51544
51261
93186
68430
10387
46658
94169
13777
12756
39810
49488
85007
81458
16914
78527
39846
26676
65737
11642
73366
30103
28383
35209
34069
30743
12246
18883
25424
34536
17236
64900
33692
50488
32493
48015
94099
45439
14970
67116
81900
89637
35295
28894
14452
57046
80645
36485
58912
53658
26165
27711
81425
92708
64916
11162
39943
93447
92219
92876
68856
21054
53357
44443
59126
27885
11343
29527
85946
83348
90820
46595
53780
45549
64242
38267
12541
99212
85138
40908
43994
77188
26512
92241
77172
85988
23387
55994
23052
87892
75109
31971
17019
11422
28239
59103
99764
54879
36826
69088
81492
79292
87310
53475
65731
89331
49177
19980
15004
24890
56128
10837
38030
25784
12124
58240
59431
91181
81180
45930
86648
87914
99772
85940
75744
96638
11356
15255
88383
30249
81460
45718
50829
53339
46959
52127
64750
89524
80861
87510
54081
99732
62915
11833
52880
60200
48943
14571
38184
28517
45433
24708
84529
51726
67161
34160
35252
78589
62506
51195
84842
49854
25072
70748
80929
24599
83710
73121
54258
30487
70664
54713
47868
60550
71339
87746
32462
46483
81018
86353
17091
93254
47790
13438
17376
50259
54509
25993
92081
38162
32649
35896
81330
48061
79265
12512
18412
87749
80583
32773
45122
40000
95960
75162
14277
33743
64904
80996
42234
57946
52646
26386
59765
64199
10773
89889
55649
48958
86135
98629
86505
93334
93730
68007
54738
63524
71845
16245
45230
74790
83098
17211
92331
95328
40876
80701
53788
83239
20865
31981
34113
88607
35207
53899
45810
72423
31969
57144
24726
25612
14578
88587
64503
33520
86230
80915
17783
12548
63016
21829
49293
48537
70962
28157
20852
26845
61647
77666
93734
17594
15331
48121
19325
67491
67141
83228
42843
57057
82062
73600
20571
82995
25994
95401
83588
85000
34745
70126
11740
68700
95518
35222
68923
26979
90712
83452
12767
56689
79747
22219
20772
40618
56101
25401
78224
91613
23988
72938
99924
46379
67929
50375
50219
75028
22594
88734
66582
96412
14085
53661
19838
55674
22156
34896
54479
68361
58183
33085
35046
87144
14947
87476
25642
12648
96481
80741
42727
50945
84759
39840
61752
85668
59799
35276
15663
96730
59749
62062
37590
14675
11144
68462
37908
39929
41507
17742
96116
39623
16380
93529
39825
86598
34780
49923
10922
65165
50096
47838
27784
99784
73925
21642
20312
17856
97433
55418
37640
82176
62751
17678
54411
80961
45665
54407
51099
45436
73832
10534
61046
90684
91056
12615
91454
14499
82269
91875
27215
61912
84861
90683
55165
72119
93535
20316
19022
20454
98429
51471
41683
90793
31208
56432
39957
50128
54346
18301
19221
46558
10228
90079
80319
87295
36604
93237
98352
75742
68443
91435
52109
45015
72070
28042
63023
10833
97354
14615
11400
97793
37387
72726
48912
51028
24680
33996
98061
44751
82768
28819
27245
15969
94942
98876
29638
81026
72415
33147
12919
21469
34181
40860
84511
14485
36895
28496
62625
86956
77447
77937
76032
59927
72743
92210
21953
86491
40951
44788
30357
94943
57130
37063
95465
65758
86133
58545
79244
74925
31325
15725
74212
50354
70224
93857
55906
83124
14048
79267
47944
12635
46981
10980
33105
81257
14429
49871
88137
74845
94597
45809
16568
86664
30569
40788
61538
11695
45970
85838
98417
23119
77066
59565
48376
93817
63909
33024
87710
11236
14073
59371
42488
99537
64737
40414
47478
10677
93403
82297
58708
77552
99758
49153
20189
84081
36861
88250
73793
96512
87574
40836
55238
96897
11043
89403
13287
10932
94005
97988
86777
60757
18843
13250
53462
88179
46901
91991
46715
96652
86784
83320
29019
60272
24453
60398
97342
66764
33763
36882
17066
19674
72331
37656
82765
66348
45276
37923
95430
36363
70569
44122
84863
20392
10342
96522
80691
17103
38637
74093
88426
62798
86582
51491
37343
17322
27054
86253
34366
88176
62550
10793
71487
17762
53403
14022
61271
66133
64302
91729
38399
75775
80901
22365
85053
39854
19241
93985
34865
36353
88150
20465
87299
77587
76270
14334
28453
32884
38019
43001
17485
34721
74505
34724
99935
27744
26004
67034
97076
56015
27293
33325
94824
64799
50541
59345
73034
31616
12239
35131
44127
91740
87808
66023
66668
54286
79917
68741
78302
49572
83037
58064
38558
75559
71097
91684
10419
80397
50071
87798
24084
56194
93359
12540
28985
58526
31997
73952
31159
61066
41915
29623
29526
81960
80561
88437
87516
53481
72215
98732
33244
97000
80585
54254
25439
71866
37448
30002
40581
54996
50654
91229
34238
58721
57811
64894
94435
99721
31377
59956
49258
96086
70340
77428
57049
32720
74746
25973
83078
20956
90877
46920
80393
44732
91502
92026
45818
71950
87951
85396
68613
29479
83293
59393
32542
36296
54453
84321
43139
42625
56418
94634
63366
30944
29419
59459
18432
59887
38065
61391
83658
55522
97729
51666
16549
82590
88695
95924
33570
27296
79722
87991
46265
83096
95095
42698
85142
75857
33397
34933
13205
53171
78630
39856
13668
56758
37893
53137
36889
78640
66892
56744
78037
74219
52970
49423
62704
61831
11702
27569
65320
45223
45560
73248
61634
69391
16325
57019
31927
90266
65668
65851
35706
44208
51816
38404
95643
28621
62681
20094
23158
25457
53751
22597
87255
22765
31316
96237
50596
62223
45877
53838
34787
55932
27010
86014
98523
94610
16146
49820
88950
16212
38798
74326
79355
34058
99018
65042
14301
56428
43832
32427
19723
68276
83186
34352
93442
90275
41934
87007
83986
74958
58084
46002
25384
46989
11965
33536
58308
57432
95913
27267
34686
19485
95209
57270
95715
90468
88705
29475
50483
85342
44980
56594
46058
18029
84145
43755
25594
84548
14329
46085
97369
37837
46970
57842
21399
43488
20999
93814
39604
85273
62494
20618
75003
63614
95814
50190
29394
44203
75210
20468
79072
97821
14856
42053
19389
65874
53909
60152
30194
72971
25613
93944
87034
49135
78680
83886
92530
64231
56011
64063
72681
82889
85785
18503
78724
20829
59225
42559
23019
97569
74096
53003
29411
36475
18756
83867
27006
42565
79231
35845
48924
91243
33579
88162
44775
16079
24207
50446
44972
89099
20510
58779
50866
68251
91853
43873
75170
17305
87904
73857
25316
70057
81022
68520
58905
38202
77401
96173
58819
42985
42512
59519
68270
84368
66920
17826
23523
29212
58134
58824
20050
37560
64407
88803
89180
75268
62170
95196
11493
79644
30512
40621
37208
93407
68794
96824
55415
78974
95011
16829
49307
83050
72148
96068
66801
74981
68069
74224
25782
10400
49415
91010
85195
31645
23972
45398
40567
12673
77826
49480
69992
77723
44989
15448
63835
94928
27802
98806
37549
11348
22063
88275
65396
17031
35532
85739
96360
69986
37747
58894
54401
18933
42670
45931
59133
33803
27023
75516
12862
49858
71983
51286
57666
17378
43785
32907
84930
84233
83048
28064
80286
97027
65469
87913
36278
28859
36062
79234
50421
79551
51336
29550
71973
51591
99037
93242
25891
12678
10871
21105
65416
22443
16660
11862
17531
25595
25845
49375
72608
70470
21861
61931
41414
67568
35866
42359
84732
30104
65845
31294
72944
24318
34512
61564
87482
42142
29843
90428
46143
48482
75620
70551
40429
83718
73903
12547
76239
20556
94883
58047
37055
34139
80514
83952
46673
12638
15538
87981
11388
52324
72969
81635
34205
15088
27815
66543
41466
82890
31793
72445
97119
70656
55736
40986
62307
77031
17559
92926
97271
78629
48702
73205
99849
37098
24971
99727
59050
51485
19074
42424
98472
94168
75893
80403
30720
63502
55826
98142
10573
54072
90541
53047
89412
29110
64582
96785
66814
85898
43649
65249
17206
51078
14752
60796
42040
25353
34565
70974
38441
66464
41550
25735
75814
74285
57644
11230
19020
14054
17344
62043
92542
25335
99912
16613
52351
61139
54471
39638
72363
68317
88285
10529
83408
17083
78450
28952
66198
81999
30953
76760
21177
77524
71460
31143
37130
10955
70675
44741
74077
17043
14549
69009
89141
69529
35336
97731
55356
64321
63250
77394
64343
57875
80920
55921
35907
84885
81095
16906
74360
12922
91570
11896
26471
63500
88217
74523
92700
48671
11719
75655
72305
21055
15159
92237
61626
77735
58057
22656
68409
83857
81543
80719
91396
50550
48870
66614
31489
71730
18886
59314
47981
65813
47884
79063
98889
81004
53534
33959
42320
22040
15780
25111
69965
67160
45694
57140
56991
12670
13148
16302
36717
54883
94548
68973
36981
10476
26431
39629
14465
81432
49073
69386
76539
51231
54334
39209
98961
35806
39507
40331
27246
61898
37404
38289
50997
79101
78477
80818
23573
55722
93221
44487
66767
27654
82825
27817
25534
16920
26466
50223
27082
72396
40118
17112
91210
27844
70363
12466
78907
25617
70381
29883
16460
60436
78862
92932
84967
72673
53094
90381
90742
53221
56365
87551
67944
98989
44498
28413
16940
46345
16937
59438
36663
94124
77301
73572
58286
39963
30253
68137
65947
17053
44299
56586
38565
38838
93946
62413
37602
25826
87347
64336
46509
92195
86100
51234
51160
17972
51881
32713
47773
68778
77796
50413
42541
87456
64218
12140
27696
39851
97573
37553
32753
45039
74328
41914
23501
58407
64978
79856
76882
99309
56918
19988
71139
57752
97567
39043
18935
73462
69349
86442
39949
49143
17712
82149
47518
18273
93481
25755
12164
15378
29120
29324
76843
72218
71322
18373
76161
69474
70125
75589
30339
95525
32755
81191
77559
13497
54487
28160
59883
66513
12323
70229
13899
14059
69999
66669
19100
38268
56874
80647
30682
48104
28304
67847
20936
95168
99635
44461
11471
57783
16754
98826
43386
71506
19606
80577
96103
91683
24938
27834
32412
40958
10094
42023
15442
77020
50111
72826
48495
65292
98334
86285
87931
74510
24607
97705
24985
13550
25305
42017
99865
80340
35057
51119
13240
62580
69984
43940
73478
41297
47410
55873
43990
10858
29053
95055
58611
27559
90475
32203
73485
20161
55317
69125
55435
29060
30778
92682
50460
70628
53024
23964
68953
93235
42033
72864
29465
76673
20074
85208
16520
22859
76962
90114
34500
58816
80459
61069
33596
35554
87524
31798
63275
93319
11802
60304
19500
86803
63179
21670
58285
55889
26135
44004
43669
96791
27313
89905
54143
97921
80987
68886
91293
80291
89171
29501
71554
16766
55831
80796
94664
25695
12883
40851
76385
18619
36533
11821
62342
99276
44933
76507
21297
77622
55300
53706
23666
44863
99386
52910
66120
25598
17613
93638
53533
13758
74173
52745
89562
84514
42006
25235
52135
56996
75364
13452
94730
70786
50433
87543
81394
87127
51367
97494
73727
50288
40263
43325
95120
67647
44608
51021
32331
97870
37936
19943
87209
41924
38463
61942
40874
76815
64882
12972
46796
36531
53771
84547
87078
42173
76757
15658
75866
63836
83310
31220
37558
97007
76292
19069
15709
86208
72374
95193
23035
55661
52287
83717
46680
39265
46232
41728
54995
41736
24903
58376
43330
17097
91206
73290
67862
65632
62466
59888
26406
99582
57930
90445
90669
70090
91221
34061
71045
38546
62834
74636
70512
25455
20627
31282
96650
29381
52507
93029
75063
74177
94274
33226
25616
99591
45270
41727
37481
36349
61442
22375
40457
51027
40515
21867
90074
38432
20656
82422
28156
48783
16296
51464
46561
26437
51265
25391
11799
40329
66572
43810
60058
40095
28244
25053
74726
58696
30856
47943
11150
46095
33979
15228
16210
85089
36844
42549
65317
80660
82032
60261
80570
37219
25327
66199
53569
53609
57981
83489
97087
54620
83787
53196
94547
24704
67166
86595
47441
64380
25116
26081
78137
95904
70018
80618
90234
60043
93030
51709
99539
12666
21607
25824
53727
24055
20811
97156
56088
91274
20711
89455
28544
23272
83932
18021
14541
14905
78681
63336
33463
98859
82654
84928
35732
39752
75934
72526
99030
46575
30899
22972
19949
21050
98945
18426
39027
88910
25871
78153
85782
24526
17522
88866
72110
47240
21356
95570
19961
37628
22151
10575
16169
13231
99564
11352
35097
67888
89060
22201
22134
87494
35462
59809
66894
41972
47153
19607
10162
59119
14161
97695
11878
58123
31319
26474
40185
27581
62284
36917
79323
15804
18986
39028
57151
35629
63855
16976
12058
97205
34856
60489
27564
25445
77694
41425
64702
83769
23082
82804
26902
15578
66027
85810
95720
67112
19736
28257
22448
66578
51347
52837
65635
74836
25761
16975
55093
71325
74066
37902
51679
92556
32344
62185
31907
80736
83030
87294
33699
33477
81525
62076
56182
39569
75659
11916
24991
78143
51651
76717
96843
93673
98533
99380
21049
77255
13913
58151
31452
94903
75941
47817
67093
85595
28822
70062
58082
46251
89359
71616
20353
70230
58898
25914
56783
32125
73588
85464
52364
87976
95916
94446
34790
17963
22753
16121
85016
79736
88660
64427
46811
38459
16000
88577
95998
59480
57580
32288
42992
43333
50881
86357
35590
98730
10465
77138
77189
96933
65316
75320
36379
73914
99624
58604
22212
21136
67483
87730
36227
40456
17635
88471
68198
84591
99950
86534
70385
22831
79058
85120
21307
18994
80530
29675
15798
66852
61427
57155
83449
98074
30328
56195
15384
73761
11095
27771
55854
83250
13864
45137
62262
29732
40609
52575
76821
26931
46585
12675
86283
98596
60340
92982
60311
22252
95384
45812
60061
71954
27185
64841
23033
26108
33954
56788
41962
72467
36104
77914
77516
37376
87103
46446
56075
59857
71220
55554
86540
44279
44571
92416
76763
82746
12255
62854
54290
83702
97183
29829
73426
42212
64772
62266
13102
46590
39451
28620
29601
75674
11828
11947
10664
20142
30875
19665
78248
79699
14861
72860
35757
84615
87183
26115
64036
20182
25608
17085
29571
90330
92732
81980
21390
76140
10849
39566
97238
62279
88856
88438
23445
23732
53087
57816
78592
24559
21397
80830
73867
21502
94870
63180
11185
48360
87265
82374
88436
33347
18602
52033
43331
98486
70793
43239
41415
57430
65814
73543
83523
99814
78623
19704
36143
61807
71881
86397
36209
78311
69648
54043
78319
17615
27225
85101
71515
26976
51886
50702
59402
27863
35105
90607
83561
25976
40898
39928
18293
92095
22980
81854
49752
97970
42506
13339
18786
43616
41137
22108
50858
77984
73225
81081
56324
10802
30608
54877
27609
82723
17174
49095
49519
94620
13178
30999
43415
50136
35278
29872
40949
52189
97137
65336
31460
17184
35172
29396
73089
43862
36615
47371
45282
82994
22043
16435
82847
72443
77021
59317
47523
53422
20170
30775
75289
39323
14348
28754
28790
21428
42671
31685
64734
86186
44219
98088
64046
21071
60976
10941
43383
30186
75452
11050
54690
94839
66680
24073
90832
53789
56657
46672
45601
74236
71652
51277
41964
92324
38567
66636
81212
14242
94383
38854
26086
25162
57170
68243
89330
25767
49748
51778
60060
31006
20363
34485
52774
97647
32914
27969
24556
86610
26516
70737
51539
82718
31229
77240
70114
42836
46014
90542
95872
55767
33721
55969
80620
90463
38457
23813
23820
80627
70930
13103
24352
33033
41072
35288
93163
50050
74233
95275
75267
85615
87764
69304
68823
45575
59304
29353
99748
79749
89662
49483
88443
73261
18591
35538
12301
35350
15580
40878
96268
49259
42675
25340
58619
74625
99173
16130
49811
39273
81035
42709
18614
42254
34277
42688
33564
37605
63487
88923
23801
59210
58699
59228
35343
29283
31136
80416
16327
24716
76523
47659
81259
12968
65773
51424
89371
74903
56009
91240
16417
82988
17973
49323
93484
88320
34935
15171
23323
10148
96811
91978
46391
20019
17033
84768
49170
89036
14406
10460
36548
26289
46686
42814
89584
15828
86525
49296
16564
34344
85832
77359
35945
99114
37333
21702
15496
47431
89039
69365
31534
84600
22689
23748
96663
51249
96127
47239
22075
98196
65611
11277
26890
34603
21362
67895
78470
79340
40619
35191
40248
72949
32385
98168
63848
70034
26381
37457
59662
98985
25677
91788
40899
14125
64615
26615
28675
54582
97399
97002
53344
14633
33298
82540
81404
21001
38968
85100
66587
41438
54076
47524
21573
30141
11177
64061
42519
47537
79097
86746
21388
71708
51407
52195
44157
33748
98302
93187
63663
20033
74206
48891
15748
82229
39665
27858
57784
87244
73637
90194
40191
28369
19924
55845
82389
13651
35685
72213
10670
93564
84821
37797
84350
68487
85720
22710
67595
72735
79033
28616
92029
14164
74345
53098
35843
92888
23169
43259
45220
44813
84441
42435
53996
41322
60961
98261
95435
18802
96834
43051
99366
62621
13846
46424
23706
32786
11939
55411
39907
93598
18378
46300
85257
78591
59298
39562
32751
82793
86227
87509
19335
11072
39080
63032
57804
60872
36832
84983
26104
30985
27873
96148
10033
11841
87469
53104
37165
79950
62306
22692
11561
19540
60899
73855
71603
80794
44978
69887
68146
35134
73247
13251
16454
88158
81878
61251
19073
61565
66648
15815
75810
81487
71748
64834
90936
99103
47599
22378
59360
29499
73451
52738
46591
28251
66611
39250
37638
58712
53601
27091
55112
69586
38347
36075
50145
34861
26112
85362
15915
14890
78377
90507
21781
45568
52222
74459
21785
43593
15408
78686
54574
55816
25222
91452
69652
26225
66049
28017
83129
25419
67008
19758
49817
58012
68306
48687
90941
64995
68889
38297
83232
74672
97740
68291
55026
11046
17966
40215
31667
41084
71458
15540
71014
63168
30911
92242
90673
29668
54666
47130
30091
29888
37149
76764
37743
65050
89937
65187
66927
53807
89350
44666
70116
81417
43381
81315
48907
64949
22598
78500
67868
33042
14651
63114
36072
55005
10992
16430
28359
40389
38354
92486
11527
27804
32134
69361
39702
58368
60185
79399
54612
81038
78675
98764
72556
14660
31284
30306
64243
37227
36955
81799
12215
11340
23008
60357
52819
93551
40942
27548
81210
50490
12574
82057
40629
46454
51525
85819
10426
61629
23631
81194
10859
98401
12262
40783
64844
16554
71391
32114
65799
69793
18954
66529
13353
71885
23665
50025
32361
40532
30680
24050
92441
19357
38892
18277
89861
66248
47285
73799
88344
19710
72376
81519
32485
67466
45928
75876
80598
62529
97738
66016
34680
27194
42289
46514
49029
77233
44827
87618
22506
56933
44143
86393
48200
35769
50878
64850
42328
89982
80554
79243
64595
72222
31219
11289
25147
27021
88933
64776
96697
33594
58801
63771
28531
93662
30420
73374
41288
88408
90529
23894
87742
91138
48760
69231
80603
66693
87197
70501
88161
74937
60378
66369
80782
39808
18715
61984
48601
27901
61184
52558
18978
93474
51315
77626
29210
15991
20324
78740
20313
50295
66442
86770
68819
79949
44155
33831
28455
14448
36536
90111
84448
97471
26372
81542
72662
83638
75081
82184
66568
40782
92361
37973
60502
53051
44731
67479
14015
53408
18785
26118
82967
48101
65169
90500
70701
71764
77304
99976
71430
18222
86976
21535
10901
85123
12531
85222
88203
48807
11474
69927
50315
16641
15849
92487
47831
15092
98016
30067
16810
66474
67234
16305
38528
69970
84216
34796
57316
90177
12457
99757
94789
68060
29736
28792
57033
84430
15845
61563
55814
91092
12501
84978
75819
67015
21260
67383
90526
30324
95227
88713
46049
17302
12818
91441
19654
41849
45799
10726
94611
96382
83793
12581
52427
24874
12275
33046
56026
74662
84178
14175
86370
34125
10663
86657
78313
97519
68623
69376
91461
49637
27353
15166
19059
62177
21891
86581
12798
96526
94761
20842
36709
50556
42940
54945
23475
44263
85980
80461
79484
34444
39592
93073
59447
21124
34495
89213
86684
10878
96951
20416
54185
19406
19320
12881
77896
94039
70153
68744
13908
50270
24925
63368
83627
32935
99375
49678
92729
81374
99317
46793
20164
94109
33523
69796
99410
39480
65454
98711
16422
42061
92442
88844
18823
85481
21898
26549
42002
37563
17843
54385
24059
68873
68015
52185
36995
27531
43966
46984
58312
36598
13739
67414
43123
65600
33307
37414
14955
74829
62271
83475
67876
18387
60708
54012
78261
36404
21193
27950
56395
86860
76694
29118
38963
39871
78573
17231
16565
70218
86626
30418
63926
49394
52077
26596
19633
85979
40349
76699
32615
38361
49207
82424
92971
20283
59572
44169
81667
13116
50532
94308
47256
10553
65289
66677
29097
80432
39659
80970
79696
66799
48656
68760
40309
40764
28946
16993
10727
71544
62748
21701
49802
57266
46069
37823
61993
69112
56068
39473
25662
87702
34992
42717
98073
69222
10059
77478
53857
40059
28402
50005
13828
48478
37993
55987
76830
19205
49686
19526
17809
35487
23576
86671
51106
59213
63321
78277
32422
88325
17725
28274
65147
20808
54156
41851
76205
57288
65092
87868
94444
79525
60393
36886
22850
96461
83677
33832
33784
28923
63495
63597
17982
90490
98924
13966
18457
99229
92853
32169
10152
78851
70383
45806
70225
68256
82966
86113
96795
63084
94210
12007
35726
48736
82681
69766
71395
18216
94269
78860
20504
46971
39483
81912
10256
71791
61381
97630
59168
54166
88804
73073
75767
63684
35448
68675
84345
22094
17319
69073
93093
21518
78308
64524
74262
12549
61536
63993
50810
84356
45226
81548
89228
40452
98433
88684
68547
56287
73427
80438
72066
13903
44468
69412
24897
26835
62161
98855
83034
74419
82309
47341
50345
32702
40561
62552
87317
96532
50462
87529
31559
30128
93708
60740
16294
41335
20020
27966
50166
78126
34929
86065
55771
98550
44645
55505
19383
92073
18758
28969
36030
94747
20060
63816
91703
98718
23404
84610
68103
36141
17479
27622
24543
70481
86597
20500
90815
39199
55858
58903
41722
65068
79085
99717
74235
92828
47813
70840
58541
33163
88317
22327
79470
88164
84061
46638
74513
60015
40192
71882
29024
39858
86361
38260
27305
47278
59002
61361
73044
41666
87423
93160
41458
56045
92022
59868
73272
70768
18582
14597
94793
83526
39245
66085
26175
40128
12571
35091
22821
69475
96899
29274
70718
49503
19617
42828
35841
74338
41551
53081
50913
84385
29240
81444
90558
41652
46791
79161
29111
17677
62969
47183
44867
53370
73932
47352
69338
44576
70827
33840
59042
30984
75813
82225
94993
58347
23866
68265
55718
89521
43355
92550
10013
57671
84135
30587
81583
19491
78471
20423
45477
34563
92716
88863
83687
70236
26993
77906
12826
22703
93298
98259
10865
10804
68506
74946
39968
96924
18126
13694
73368
86583
62113
74835
98600
49969
10226
28330
60262
21724
51841
44662
92854
47292
13917
99626
74284
47021
74241
91645
94970
39849
12727
29276
86780
21508
99376
22883
41032
62504
99147
14826
11546
75225
29492
53214
62376
66602
43802
98271
77090
32586
61269
54178
24672
97787
82647
58679
40917
65956
63265
68792
16723
19556
41767
88049
14616
89820
14319
48704
32364
65218
43803
54797
78492
36507
38038
27209
44439
86809
42104
24936
38718
89414
38259
83125
57075
34468
76262
87912
86553
31806
66484
11637
87731
29577
80325
44528
13524
34490
30132
83908
85153
77168
50560
85687
18302
49789
34361
57554
68421
82030
41113
18696
46440
66945
90977
48776
34912
38076
97452
89543
54062
25386
36478
66136
58039
41035
97377
16248
90337
11276
37122
65219
85691
66380
76645
42285
93223
24166
85791
45374
52823
94211
28618
17660
91868
73395
51735
78626
58337
67889
49332
58617
17580
66024
11795
25646
83465
95927
33732
78844
77142
29748
32281
53544
91700
41853
57939
72976
56925
12578
88005
19536
24037
14807
78486
57158
65411
82977
62829
97333
18979
58658
26499
72725
56706
46755
32440
75586
14672
81782
47208
27265
89817
17076
91778
43850
94697
67351
11977
68131
18073
80283
22986
25807
15922
46633
31226
84638
46702
33318
54656
76851
62204
14046
60183
75315
53786
10434
68031
56049
99250
92230
99123
57501
54660
99684
20253
57599
46544
12564
97922
86615
79135
77437
91539
85005
98125
67439
20778
35351
95744
52779
76100
19360
80095
46771
93207
36098
71032
50487
17859
92762
18336
99584
91107
89897
94165
48245
72595
35607
56942
37361
49381
10332
81562
54287
14455
60438
41950
72219
62363
30467
79881
99409
95887
40071
19872
67076
14643
28431
65265
45960
33460
22874
56636
29621
48516
23805
56951
82491
17715
83962
85453
83607
10334
99855
15141
37014
49725
59661
97127
46688
34753
78835
18634
77805
91972
12163
91024
85275
14601
94012
47105
75933
33079
59751
73439
43681
18309
94501
28605
89955
24465
67657
21198
20344
48770
68565
48336
37371
33587
33051
79520
33676
26158
71287
64575
71718
31991
28354
48658
67578
48768
21765
22830
57742
44587
66946
60445
22247
91093
54913
13545
53255
49023
67980
32450
54247
51943
64895
97096
93041
41951
40063
15003
45519
25252
77236
91273
63101
59997
80144
41699
57105
72745
11060
50103
23360
73806
18504
66588
18692
68084
30035
70386
99999
81757
93347
49595
19044
70735
46443
51352
36731
38545
65242
53169
96161
17691
78845
43823
87649
43352
47892
81461
69326
25243
87854
88284
13852
77776
91337
57302
69321
74998
40290
17469
22758
41645
82186
18474
38962
17604
53986
95711
26980
70782
60940
89000
96076
99286
91256
34203
40577
63567
45150
19597
64115
88633
42569
94812
27124
11081
32985
25883
84231
76639
28934
42707
30550
98643
52493
99846
41886
35779
36225
98846
61234
42704
58078
76638
14906
50463
25308
37061
61682
12482
47477
12400
75584
27352
85242
57523
83557
63559
29761
39852
18374
85231
60881
92704
44782
76687
82015
15118
10253
64142
16971
30360
64884
33112
32621
85276
15904
80662
67165
96216
90141
21253
91384
51941
87358
63501
15567
17554
41613
29488
77122
98850
34897
27902
73354
59556
86437
53349
73378
89443
97447
51880
95838
37856
78226
93640
26020
44286
10354
92037
58601
81019
68467
24892
35880
99089
63175
63919
50080
24250
67510
43918
92879
43374
63066
74378
37991
11232
49756
78268
76964
38707
34454
51094
40787
98498
25878
52863
38644
63956
11426
39828
46134
89560
66812
91545
22488
41615
68463
66104
96524
17757
45996
54976
62555
80153
95288
23326
15039
86498
23114
20736
62371
19765
10685
90207
12744
95812
13369
88402
88354
18193
12374
15280
97483
35467
91751
10199
19760
78774
73861
94540
91158
40825
50512
60817
24321
26032
81008
96670
31436
69184
56416
12302
40633
70484
45365
19180
22519
11585
89361
36187
81466
80010
12288
84002
86721
89884
54905
13282
83828
28169
50338
96140
31851
70883
98362
44144
26816
52498
55531
66908
67498
71758
48228
60626
80051
55882
59527
38462
74062
55434
20135
32026
29990
70872
17477
19442
39902
78059
11657
79317
24832
58224
23381
55357
54378
79405
48974
72616
30749
46438
90045
80101
27252
63733
94053
12953
89760
11861
67423
93954
26895
79212
67459
12815
73372
89327
31829
80250
70198
84107
71100
15810
16078
81573
98578
60437
92004
30799
66129
41344
47138
76089
63067
52064
88833
57858
63891
33915
79780
25945
47311
62726
36351
78605
37629
33659
43589
89283
15664
68595
30402
19166
37636
89430
27910
46493
52576
62349
71404
77235
44256
11423
52662
11193
93475
68353
68769
14276
26142
74364
37892
98294
81734
87728
82564
76275
74705
30831
33404
29587
11160
85062
28099
49807
28595
57722
65860
95008
56423
73703
22659
89109
40521
75927
29236
18546
55641
80361
20720
26726
39983
23798
28710
49127
85067
90733
81034
78050
99989
70525
89665
83378
71788
77441
55743
20623
22414
12633
95767
85793
17317
69532
85435
70858
34808
64902
97814
13443
77606
12973
19641
47333
22181
81455
48349
87693
35160
41479
29794
77215
68818
82205
90218
78934
51629
37292
53348
46418
60621
83139
74712
23819
80080
90717
81990
99344
46499
90916
51331
56391
68720
29467
37810
12332
97435
16663
59828
96414
52588
74731
88331
62362
39073
87461
44529
99659
23902
61618
85190
22864
81534
59982
26002
43952
17961
51796
86532
63885
57077
16642
34076
64082
89417
31630
26837
32019
20027
91303
71617
94158
48573
35280
71129
17527
54931
46858
92995
79862
77592
78331
60535
66297
78559
98227
29564
26575
49902
31265
23183
90032
59364
86847
48070
83586
26865
34764
56338
59216
45304
45964
31323
80059
76970
27177
44091
54550
84920
44422
75486
68037
94076
26254
98642
42610
94070
97792
39517
93057
62384
26134
32420
15008
44673
78736
63619
74490
28319
20001
13057
29834
49136
70884
37930
87565
16997
57000
95426
82080
38654
98958
42202
13959
30908
73029
68858
83723
72604
40257
45605
63333
40222
86965
44847
84804
73845
11048
63995
25894
53441
64763
59936
86853
62385
20408
57836
16017
49419
78959
47164
30020
70788
52695
99454
98154
42076
25819
53425
43819
41888
77890
98736
49708
56516
20354
73209
82086
45128
35436
35073
91157
65983
26453
11932
90140
62446
36523
37443
75115
37615
17679
32822
13527
77526
92412
43370
63901
57699
23674
28530
56596
90880
51553
73898
71712
48738
57138
72921
54894
48655
60965
22054
26623
18516
83332
82224
32658
98899
34102
89876
29608
31951
65636
37266
13387
97776
42448
94762
39453
52581
47248
84278
66431
61413
89774
99323
52634
53561
45864
34782
98395
47121
16981
67077
72352
54399
94297
34497
63702
71674
96717
54409
38178
46738
88115
28789
32202
61181
74707
96096
97467
83334
86363
45592
76178
43661
87581
15613
16977
74671
18812
52038
26830
24642
52048
91999
18705
97739
74897
79359
80573
75393
23339
20257
12492
27526
35333
75597
21773
10225
53758
18996
76301
87272
14006
28827
71944
81372
99782
78253
14378
98025
12204
68824
70855
35774
29041
40623
65955
62497
38474
97594
41733
64589
54001
16566
79899
26119
22556
88904
73967
11226
13121
12987
60070
42788
45804
31977
23568
99549
83705
50831
52987
46983
90614
93799
15801
55379
43678
34697
79777
87364
28052
80489
55862
74247
58345
35936
64688
19227
32352
47340
12989
86682
46217
17772
65616
94467
71556
75039
60895
19196
56323
76820
90175
95195
21336
69594
73445
40745
44098
59663
40655
33271
70507
23999
27932
14159
66964
44295
76102
71031
12346
40266
28094
41160
97846
24968
15258
28028
32641
89515
22174
28401
97570
21435
18341
45496
93045
48873
55841
84763
20356
42330
77283
36178
39202
28622
26496
34198
88750
11179
95242
29927
49954
92657
71746
87169
39461
50224
16261
21259
30885
72094
80886
83018
87061
42571
81016
17983
23904
76084
21375
46700
23874
99253
43093
10429
84987
63831
12594
54511
63883
35322
79220
42906
89016
14373
38811
40385
62025
58639
70202
65843
86496
48009
89465
30757
61497
24182
65319
74849
49502
63708
27509
20114
91515
27412
43471
82922
53963
91341
45229
86247
28760
17020
12376
43814
15527
75032
34088
99826
61362
68479
83326
46645
50015
48322
88602
59122
19839
61274
68378
20147
15399
70447
94067
57450
34660
59587
25437
89500
71547
93968
33229
54097
91836
84403
46980
91230
49814
35705
63129
64677
84663
63055
50492
93631
79193
50068
78645
46803
88701
26214
16253
99210
81754
52939
35111
15436
75538
62416
60656
30229
47027
74213
43648
14710
76868
52884
71314
65840
67676
38302
70758
73393
26042
78621
84093
12828
72731
68589
82682
21527
33730
58727
37681
58657
16725
56219
88040
33923
66654
73036
57658
99057
97198
68262
17890
21154
97518
75795
79808
87009
25560
64403
34823
93639
25519
46937
33903
33533
24531
76980
44186
14445
84059
70414
22304
90248
81222
82249
45776
89424
17106
84531
52590
20287
68310
54210
61828
63139
70600
59513
95128
65761
89733
65652
40830
67169
48804
52350
82342
43618
33190
19102
11104
48550
69248
60615
47185
36152
39696
18002
96986
14936
81353
30973
79534
11053
68204
84014
38658
71244
34308
59752
36277
53383
26663
43733
21853
87462
71761
94159
88114
16861
10657
39033
59532
95922
70087
14045
51197
86801
59995
40268
42555
29703
15402
44688
94050
87706
42496
93077
85073
14101
58197
67258
97251
69206
33233
16196
76002
23942
54491
96234
59915
98172
40769
93295
18417
31994
11590
77638
30384
56728
48071
30809
96004
27700
25463
11498
75211
65533
46005
63332
94751
65094
58764
84245
73152
78404
43631
82408
93976
75314
24927
68020
34346
15994
56521
57667
18052
78091
79120
18595
55350
83324
72922
60337
29209
76353
68309
86228
34165
26872
46458
10303
45364
77703
55062
92172
26203
78746
80580
86604
25389
77423
91477
63671
72650
96423
56400
58007
14632
75058
39089
95576
19788
77316
32479
63431
20929
55095
55252
68092
44756
40229
94081
36823
19753
74141
11109
84516
20409
37644
88877
54719
43401
97563
86953
99451
12175
22374
26006
59636
56924
50802
92707
46507
67433
59920
80270
18893
53327
46256
86266
10163
53635
23850
11516
84721
70946
99786
22607
88153
38816
60090
14516
89546
30219
67992
59398
64196
21011
28936
85269
23097
56749
39007
13188
81682
84280
66856
30595
19521
39462
24443
82492
84003
66590
78019
19229
48051
57750
78317
95794
81138
82809
44609
65465
76116
91000
67188
81421
97016
22774
92652
16987
41025
11705
31945
25601
64294
80824
73266
76785
71849
62841
88268
68977
45805
86260
78103
22838
14493
36362
80746
43140
81093
71017
84089
19862
26629
47689
47864
22680
92549
95646
86910
78944
67214
22526
36343
25574
14714
99685
80264
72379
77361
68368
22751
57957
50936
36417
64793
38114
20941
67241
17059
42347
21958
60552
75154
64519
45438
40203
51797
86308
57741
60693
94373
11224
16232
87087
54519
53291
40070
63118
21466
95231
83365
66189
34525
33235
41247
17230
65126
89289
73101
98648
31457
18580
64506
80865
78469
64840
19732
89745
39291
19478
95649
50202
69384
50227
11380
43286
13787
89809
83605
34303
57936
72759
57566
13988
33350
67586
15272
40158
10613
44695
83549
56834
51595
62561
44076
53903
26991
32312
49059
96262
87966
69624
83859
96324
59108
53634
60808
31761
79984
84977
86039
86071
94015
92044
84687
96723
82221
22311
34309
59130
60355
87799
96401
49397
22254
17862
67776
87170
90406
88747
56146
43045
84878
25005
47337
60968
14350
35034
84240
31437
56148
32166
37260
30489
88089
90555
60430
56260
67866
72198
70151
60295
23949
96701
29911
30739
52530
36840
92694
53367
95079
60135
15568
35772
42949
49476
16140
22202
24774
92848
81807
67367
71398
56300
96361
76767
80040
56444
41713
41034
74891
80174
63669
60215
56352
89470
38781
39471
69576
73990
10555
52996
13412
20359
84595
43900
43580
46156
75285
82651
77388
10723
95731
31201
81921
89956
29374
50631
81770
41226
80066
92990
53485
95423
37142
44535
42909
74215
62703
67618
16621
47975
38665
69693
94564
47389
90602
59692
37007
33027
23731
31203
71835
37261
11768
24614
71822
88086
79754
85617
60338
53136
11818
65089
42437
68750
90545
60464
51655
77327
55809
72979
67229
97916
95123
18946
82597
73304
63433
49193
61835
14177
45397
13556
72210
20153
15117
95906
31852
55798
25987
91528
64261
11763
46768
51161
94377
14723
29755
44296
49380
83511
16066
86234
34062
70805
29695
83641
47877
63627
98831
71146
25795
66130
16728
87877
46806
87624
63582
28414
42681
39474
55829
59916
25170
44486
44110
32642
31540
83807
37380
26100
51239
89647
63924
88936
37701
44444
71092
62981
95761
55688
56723
74834
40766
97989
68790
55088
89868
19084
76864
97232
14284
29183
68285
12251
91685
88921
33212
69546
44244
87911
99648
85199
48762
52103
14315
90804
32762
47843
79811
84322
69340
14515
42975
36587
79286
20743
49520
50545
30444
70473
21278
53978
18322
14356
70048
91828
24142
70663
26759
58772
33634
30288
30597
68397
67530
20748
85543
22403
93786
17887
11291
88476
27598
14666
62028
92930
13894
26482
88324
20003
47062
47186
94260
69755
15231
65638
45144
17308
94913
85454
61099
47273
67219
19622
51456
83949
27992
17389
82551
11007
43021
28497
30471
20203
28505
94986
55513
40201
72713
18913
10750
82038
19394
34723
66423
42313
40040
21363
97029
74037
34445
73740
67522
63125
66179
16890
79464
47602
92066
50915
16403
58155
28483
81148
72653
54927
97358
32101
49299
49649
28588
48820
73391
53546
48329
13105
28272
68208
90065
91022
75583
62205
30044
91060
47680
18039
86533
25948
78507
15571
49049
24041
92025
55229
71049
59981
82534
27422
26535
28735
23118
93597
86106
51755
42563
15556
26265
86896
58143
48706
75797
64406
21731
93156
21076
37694
67985
41718
26313
79062
24030
55749
26948
21216
33210
36430
58789
53604
24926
59647
63538
60935
54600
49873
43150
65929
60048
10010
89083
13295
77571
49804
79301
69504
11014
37670
52953
93214
37041
92130
31592
44260
17513
80753
52709
85335
60525
58538
42400
66864
74736
84823
21128
22145
36257
69400
27477
64133
62520
56354
30942
15017
21400
96023
92016
60610
88704
13338
90779
52299
57189
23793
29040
14374
34948
42673
11378
48019
36286
99419
51927
82004
61617
26396
99557
67931
65107
33560
38829
98852
68209
83428
22323
95635
10516
95082
14874
83301
89004
55412
25971
34383
50175
87005
35889
84606
62431
30826
97246
54186
78752
84943
70810
16793
43288
42804
66516
55137
33442
95950
84905
69508
28363
77961
66788
27628
61169
17915
88417
88256
45803
49389
31538
22993
14430
53734
40112
26314
65823
56147
16715
77302
57964
97338
93218
54265
89127
12807
28215
84034
89205
94214
69859
87836
53960
23539
43500
26460
77014
72208
51489
52422
45175
53345
10702
98375
73316
54145
23421
99663
37232
18768
53239
13618
75836
22022
72050
27661
23863
74071
28058
80281
71767
29439
39911
39681
54674
79962
23304
95847
91973
83114
72069
19167
22398
25453
61637
16846
58522
88949
10569
42615
82914
12557
62921
32470
29332
24887
29322
73869
13122
69728
32913
96821
86764
37239
85726
33187
85226
81651
84571
24463
77542
72909
48746
94402
84501
74585
78005
96688
62428
58600
56320
42175
95293
82187
98974
55520
19113
90743
80800
56330
55959
13289
58249
30599
95277
63405
94555
37328
92006
99570
29704
23548
28254
65528
59014
59606
21862
31324
58145
43106
85962
38265
80194
40044
64934
94207
99898
97427
44393
84352
88624
60929
58468
66983
74028
85144
61518
81343
57031
54008
96008
13120
14921
21605
36795
81166
18957
27551
23337
89556
20328
57505
88149
78458
75025
92581
68619
89830
64466
34832
44538
84332
92336
52542
95455
85183
94787
39730
17640
90846
95637
97959
98266
34685
71227
52117
31564
51385
94625
85821
28728
81927
18364
27409
75973
64308
34954
85204
54184
19537
48214
24719
62468
48587
41671
98500
19888
80400
67425
10496
93666
19376
56860
20464
60689
69645
15468
40428
14304
60523
79568
70477
23983
37326
99390
84433
64795
22077
10675
23817
20866
41155
22355
10413
20322
11981
89574
94867
94589
87859
99505
22644
92072
66866
42567
70917
33911
30812
88547
29031
18640
40131
12329
19151
60536
48645
53322
27311
28310
80086
24907
15705
53627
88966
72264
33373
90923
58384
48484
93149
28153
91506
59051
65661
83155
39029
25246
74413
22003
87153
99414
82601
96379
65428
83863
37547
47472
53192
61490
91101
55818
50889
27453
71551
68325
20836
20972
81319
85154
99329
31722
39494
92410
79975
30232
77840
49125
61951
64016
35719
54389
67706
61084
29232
47845
72987
73195
74272
80500
63030
53440
50600
88028
84560
38678
75197
43644
46064
39883
62793
10468
12220
67529
52451
97843
95626
72358
78594
62645
74969
83967
14594
66206
78001
77287
83278
79507
21881
76387
60158
30308
24224
61872
12688
82594
20606
49845
98686
34691
75851
81931
84903
81279
84738
95952
63942
82173
44452
88512
51644
56358
45588
17275
62006
47324
42730
27459
45781
52991
97152
28982
57899
13656
91692
41136
94091
41104
79390
44742
96637
82325
53292
81028
14427
98133
72065
13538
42480
99815
40289
59786
19873
22169
53912
54051
13797
60354
33056
56297
97734
10109
57456
68530
38439
17052
33106
26256
46228
19711
56066
24674
45557
24427
52404
24835
76247
19937
19696
90582
71270
86584
19998
19094
82645
99313
56122
82444
27195
60386
13878
79604
92235
86700
37452
52944
58225
21961
19883
44878
43645
91689
25919
22158
28269
47414
16759
42277
84833
73979
14948
12660
84926
40883
92445
29275
88907
78912
74060
87539
98298
66026
94055
31681
44366
19715
96120
77354
28552
55407
16493
12677
67107
82827
40441
21373
51147
91655
74043
68787
86070
26337
37847
32530
96907
76155
10738
97334
88509
29873
22922
66697
24454
27722
45780
78732
81639
25528
92482
21409
66445
93948
33149
65726
19440
47234
18428
94334
59559
86159
71015
15492
14763
87897
34250
42000
47307
95993
81009
55556
57509
28111
34600
33334
47502
12459
32294
37972
50076
95459
76080
82633
11887
84383
85206
65449
43953
22236
20450
40461
40736
54047
74546
72137
59366
55780
82732
12322
36002
38225
74482
73581
94507
50098
25279
11868
57831
66439
22727
17340
87147
11717
69191
68320
60551
88253
48243
26564
90534
78497
55762
11721
45200
77482
63974
74828
52074
56566
46890
24920
76345
45851
92756
76674
77903
58341
82022
44485
12484
53417
65523
58432
46341
62866
77692
26052
29977
78430
92288
73025
62804
92928
45662
99594
78882
38911
47450
36522
48905
89029
72051
76004
20407
84203
77382
98039
84651
43984
73203
88202
69111
22137
53821
42125
65623
73181
51742
66791
11189
81973
50961
93798
42444
50026
64502
43358
26074
43324
37285
85888
91306
59212
75326
30555
71493
61453
23754
72456
56038
22010
60291
66453
10614
45615
52771
77885
10625
37561
76605
46942
66875
62560
73104
21416
28752
67843
86300
82331
91726
86410
33170
35373
17952
37170
19316
95192
25939
48022
76338
95826
97122
42405
82637
57868
42854
17107
67137
63327
87139
36399
79159
40891
84900
56188
72756
90989
57616
68503
72529
31999
76336
41314
72741
30766
44024
60026
62083
10484
66282
58675
64048
70541
74622
30837
49587
99979
48569
57626
66612
81631
81845
27745
44209
13895
14559
41153
59623
33749
91156
51863
41267
20958
82940
25168
39337
47742
83900
59383
32402
82550
19331
52004
95122
59232
84843
98713
32099
81793
61559
29172
20773
66195
88662
44947
26140
57221
48672
25927
93006
22717
28854
77280
75417
74269
98749
64273
18147
53516
83943
30517
34932
46204
47188
30551
51645
51320
67206
88410
68288
77675
34370
45940
71440
24999
33685
61207
44212
29119
18137
99773
74187
83632
42222
48420
98644
77546
16645
58624
22329
10545
33674
42127
55425
71229
68359
88287
10899
63444
10368
11563
11996
72162
63607
91237
94336
21228
40802
82935
71979
88054
45177
60199
27213
82688
47968
25848
21579
87191
77224
95314
46097
16634
52999
41917
30849
49309
13900
20668
29507
69773
57131
34923
14381
41984
57026
48203
87283
57409
61104
87757
42011
52606
98635
30939
27602
28309
42155
12394
50827
56171
47984
39411
83083
32536
10292
76470
24165
32765
91716
82747
53451
52501
52022
59794
62683
23728
79087
57659
65680
88338
23906
17014
56985
16366
52560
80412
25049
27250
66850
32823
17630
89600
25590
46844
58330
93580
69853
29451
21914
76831
44633
31446
61742
12198
18357
11335
48698
55265
54810
50580
98470
13216
37475
78822
91720
41355
57100
71890
60381
91962
56453
52940
71903
13184
79304
24766
74166
53359
85278
45699
73508
63078
67421
67253
35406
62273
35818
36248
71432
61293
12866
42027
78381
17458
72239
38976
71751
22290
52466
18344
75129
99889
97218
29435
89778
12664
96765
77948
50826
31287
42777
31137
32509
83951
27870
13037
19512
23153
15624
19614
43748
75905
87766
40173
37806
36324
80390
17707
10969
12196
80229
88110
29152
70207
43849
89243
67482
69267
21598
26805
37455
33348
86736
43793
44852
63157
29702
13670
64537
84814
92830
74390
45306
31224
56480
11329
46306
33407
88647
73797
96129
99230
92670
69228
20557
15207
87499
24430
37883
95505
15942
62183
53352
40637
13832
81368
56999
78814
22146
15342
81295
58951
42355
93610
75429
27277
87815
83625
55819
33605
61477
70584
75673
80642
22773
84175
16151
14881
92519
86123
98157
63826
51828
24696
44651
55627
75830
83175
75774
39580
17699
35778
55492
84208
48100
35724
50153
37311
55636
33792
30683
13235
56773
94167
93936
88409
57901
91391
42630
77262
16525
12757
30291
83786
74977
60826
42349
69389
67357
21718
21543
14005
72470
55664
88528
94203
90603
39267
69717
25108
14002
89586
20960
57809
19586
84533
34971
75287
98155
80092
97932
39182
56281
58610
73072
42793
51660
34569
71832
84427
95928
12639
68389
27840
57039
37472
34173
73130
79671
25530
43156
25493
91798
33384
67967
31582
91557
71033
30847
93344
70088
16935
21036
25039
35846
35126
74315
78372
38921
45236
24984
18578
16484
86073
74576
81831
24563
70127
61310
93729
52533
10170
61673
30362
58220
48158
20697
87821
12319
24537
61409
40152
72598
93166
98862
36004
95241
14754
27565
54096
30457
34982
20079
33372
38181
64093
77697
24180
32423
53828
27839
82710
82906
16035
26435
97694
49227
98715
80369
67209
14272
26999
22088
70140
16697
96115
37091
77686
25404
10186
31480
67627
68597
94436
80042
85858
64526
33993
17063
37622
13812
43924
15956
90326
94908
69087
86346
28193
81705
10311
39465
83115
71514
49785
88981
65302
54151
33081
40803
64952
58059
67226
16900
72549
23213
54412
95648
59405
53495
97012
96937
43426
37144
53443
45653
66683
20616
91784
89718
63165
63621
54085
49695
97363
71927
70361
16499
86206
94152
82998
43256
47995
90139
61578
96528
89262
83490
17787
65213
39625
31640
41391
84546
63362
34129
13861
68869
52930
19870
56873
37566
87679
66973
65119
41078
58175
89080
34095
81561
97311
52978
45859
47636
24583
25811
12264
95820
44600
21673
42697
46425
32353
78271
33576
33355
81064
34945
34410
96905
31849
52055
40858
53065
23399
39661
89690
50752
71247
74544
76823
20911
65704
27884
93013
76129
60558
38485
61818
65901
45180
55391
14403
58044
84416
14602
61819
26110
87250
51460
71028
40093
70341
65022
24597
68779
88888
89135
37052
17509
13526
90304
44103
53886
96175
96978
59215
14599
67072
73221
53172
92093
46670
44106
60068
19763
37131
72420
84942
12044
40635
31668
78610
50968
59973
98605
53660
57433
38228
82171
41901
59358
11133
27428
51373
49509
96196
58125
58493
83630
34040
22293
50114
28615
15298
39114
32664
80873
15099
93346
20730
84693
49926
47019
55060
59821
61499
69691
94794
53580
24912
67912
35110
48715
19769
81484
57021
46877
78715
13365
42274
79108
57518
14261
24258
25326
84870
26905
39189
15206
81750
46655
79448
23491
18571
51540
83883
95493
74735
12479
60755
73732
85761
40596
97885
12974
35011
82084
20034
93028
65699
19014
67988
63393
16124
13977
27268
32791
32010
45178
19348
23546
12078
38235
39180
10304
76469
79943
59742
92227
21808
43284
49580
29013
78254
76010
81430
80749
69602
73962
92512
82302
37911
18263
11197
70180
27958
36314
26008
63195
14949
99608
23076
34965
68042
64541
56041
17252
39535
85686
65504
17964
96074
51665
32459
83505
60329
23476
95977
73012
15647
75743
28875
41346
46795
41787
81974
38009
17965
78951
91970
78028
34590
49553
19466
69712
70286
47862
60234
21256
50391
34316
17347
78429
27126
58500
65109
85796
20449
72161
95795
85750
94516
32645
72711
89526
24029
15854
86802
85968
30822
61632
96846
69247
29012
48173
41576
13355
29679
22457
36871
21347
61161
95959
51702
88739
61669
64059
11922
32540
98022
93503
47744
14681
22516
37430
75465
84671
36997
95871
10385
70521
80516
96147
44984
32739
73117
31982
62669
12411
56435
86536
84953
79744
98575
74703
16527
12311
95833
57633
26598
73153
43453
62451
27792
76462
91365
53567
67261
80036
87052
50500
97201
44820
20105
56050
14867
67819
61916
67907
29712
72332
70161
10989
41284
89235
37431
52410
46716
19206
56809
10718
44436
28063
57435
28009
45078
80599
20228
82313
10326
84747
97144
81386
59852
23451
69484
80115
17917
73292
63329
83694
96970
80821
12444
63899
44003
20412
73505
72801
25065
25730
70576
46741
99617
36572
74633
45518
60642
45301
43186
75471
70906
27243
29468
68586
66876
44746
43350
21371
41701
15084
91417
19539
90178
61220
72515
34645
74082
50845
12620
49740
15948
93967
82857
37151
48180
88309
53801
52554
66422
19916
10084
62970
71564
49510
14021
83233
32901
58070
12252
66329
31394
93980
23914
52199
61802
51736
43930
30913
25086
33110
22798
45141
64256
25004
11221
63766
18923
92168
61509
31555
68097
76607
11334
36065
10357
53453
35804
47267
99906
40926
31837
46690
27415
99353
70396
35195
53272
22240
51309
59989
31514
36346
58355
51872
64744
86570
25153
86507
59763
71309
52256
83751
34072
11433
16866
22411
86356
48885
80529
52448
62992
79001
11755
99126
36477
65436
38924
38255
93457
56878
34371
70705
58457
13598
73722
32510
67640
91051
70803
54601
24095
69225
75823
67500
63459
96422
71110
62945
24667
75865
79957
46975
76020
63261
35394
11570
43972
30678
76953
87143
72902
10126
95601
63209
89311
83240
71426
39899
23171
22667
91835
45498
15848
38058
83067
42266
75036
44000
69028
23218
43885
41571
91949
85849
11715
16270
91409
78502
61319
32513
88892
95394
83236
92031
58676
42789
57724
35025
43946
24739
55348
41444
14112
13447
16123
90515
20077
39880
14038
48765
77427
40914
13884
34104
58011
62784
97276
96743
48651
26674
94713
29525
65708
57845
50336
79837
37277
29278
42068
78393
60379
12498
61468
28311
26082
13978
93852
24417
15859
55528
55121
31550
35681
93096
21185
34990
96908
67413
74767
66399
75237
91249
87885
43013
15652
22182
10803
98457
99192
72200
58037
51859
11061
60653
41323
68855
36016
96624
60282
20129
50846
49141
19492
50418
22427
16033
27417
82372
80324
19010
85211
21261
79428
56639
92320
71793
49586
62224
32307
76185
92430
32873
10978
13713
17070
67454
23759
34141
44934
92868
91066
34447
68072
82512
79030
61865
62706
23554
53775
80148
10458
34583
27674
73515
91498
73192
99930
37174
38094
42806
50485
89482
63554
74764
10972
23411
49878
85288
10404
37110
51040
69775
94595
94418
23705
26891
49910
10425
44555
73496
32476
68495
73120
42081
77492
66530
46253
88251
78400
49634
68859
39868
69877
64397
28183
71582
33998
81823
71071
27704
51036
27354
48622
70778
74589
35542
33386
84465
74429
51255
62492
28243
69729
70900
77410
86708
91149
46249
83493
90740
37182
68474
39924
10454
43198
22739
55574
91883
45984
86754
53839
73948
35643
11395
31304
36964
64556
40321
19571
52297
52052
95107
63319
29493
34324
62665
97355
64707
66081
80110
72651
18369
80640
83566
89646
82592
97313
39040
91569
21315
39258
22653
12927
33868
35062
10206
89730
35432
52425
26794
47593
10067
12833
45618
21959
77865
63793
73223
25247
54295
88107
18735
15031
39934
36757
48028
62208
40727
39767
93881
95283
39857
25483
24836
89018
42020
86450
12539
49315
94172
59925
44599
92101
29767
15251
10115
11588
98397
24804
78387
26251
28893
67328
44795
74801
24558
88495
41987
26157
79094
26055
78263
86932
93113
17803
38070
11470
94554
50980
92755
19721
98034
86694
13054
56346
52509
69850
28468
20893
53396
63309
69901
79650
73779
96179
28748
33517
34224
43975
10281
66420
58669
18247
87148
66292
56340
13888
63638
26820
69320
64245
62749
23370
58559
85108
89675
38447
59557
36465
85477
24469
78251
55621
62789
19885
44070
74927
80950
13544
66363
66089
68233
58233
16741
15712
21795
41762
36443
90024
42099
64216
86942
21439
62410
76315
39406
58609
57801
83822
31621
38935
58001
37967
64390
33501
92340
59923
80447
65905
20209
88571
72750
60651
40109
97998
68269
96448
44120
38042
60128
53737
83501
31826
37215
34449
20014
41196
18569
22475
90760
17808
51169
60865
57378
33618
34414
93297
68283
66947
67801
86124
19920
23879
90077
55733
57923
71729
23107
90209
36824
87300
52912
41654
38098
18733
50187
25860
29298
50334
17583
77880
14142
79076
11949
15070
82234
14699
94636
55067
30753
48802
38793
66032
59823
48366
35767
25639
62770
80995
71394
60595
58833
39086
25632
79290
55007
27756
24061
76934
70495
39054
33856
87517
64539
59468
12580
43892
57013
51132
20554
18116
96740
30160
93676
17511
92827
39163
44612
53825
23584
21218
73007
47552
78270
13933
47374
88842
62203
10770
68791
93486
29021
98673
49985
67781
28771
38112
32065
20178
37088
45014
99467
35776
68533
79681
61604
42371
81243
62493
83551
25599
22177
77600
73000
55454
62949
63649
79213
99063
22498
53713
27202
80421
43609
73886
75997
98608
15400
42791
95099
14143
20177
58373
27168
58569
43919
73483
33050
24191
91510
37075
74577
14364
34702
70804
77071
60403
86174
29817
76620
42454
37157
43510
32644
98464
48384
89511
77891
96574
18942
94877
90279
99992
15183
82306
15274
92638
72682
54897
87506
73182
80288
30424
97199
19673
65836
88932
46896
18022
75164
48147
28747
50714
89207
36923
93550
42500
78080
85856
91387
72501
67570
85765
16765
67785
13874
56855
58705
67244
60963
80531
30874
16952
34122
56315
18887
91194
50254
26734
75763
94912
94753
12415
48998
86817
89248
95798
51904
90628
98741
61267
23117
38907
44139
34340
13026
13183
88101
60204
76118
93241
60414
93882
34467
38220
46270
53811
60861
10565
76593
51902
14939
77590
76709
59446
72158
87537
65467
93053
37494
57529
44278
89620
15898
64028
62328
90914
27989
17385
48038
32626
59724
93548
94186
90690
60894
58992
23462
39215
89190
27714
36980
74533
28659
53715
86813
38014
87496
70144
13967
43794
69743
58352
87259
16695
74664
84767
12052
85656
76016
39426
19705
75922
14744
78230
68488
65682
38638
17131
56720
16616
25804
68569
55803
64800
69549
41806
56347
76114
69774
88693
37391
79529
94790
10294
22914
40264
26957
38725
93267
72702
57893
45522
78512
60421
92314
23460
31739
49114
89891
32953
34236
97671
19134
54278
76712
79417
99706
81586
21147
39335
28091
60857
13979
91724
72628
94965
11286
13132
57027
96498
62803
70539
27710
68380
50528
14852
17686
77909
51877
80897
66224
19114
88159
69910
80087
94379
55217
17335
19784
80356
48109
91914
78940
15746
48644
43347
33253
22735
69243
37529
65751
71570
79536
29707
76291
24613
24452
58071
53197
95117
75791
69258
71468
52957
63465
67953
42490
37399
87447
32107
37545
85124
66106
88066
45336
76900
14680
96552
41339
61012
24252
81427
29306
57417
79194
86603
19390
36247
72611
54115
58502
62101
76179
49337
90134
13972
81422
56542
20813
62586
12421
78244
62002
55323
64161
12064
46359
56651
19465
12704
26934
15569
68161
59803
78519
12221
89367
68275
39327
77241
98813
99699
95421
36330
57954
17636
74158
53704
59906
62525
23711
16218
13113
16381
37736
93490
45838
25749
77704
26555
71867
77939
49724
63552
40476
38416
65240
58157
88819
39678
58874
40547
27224
26513
47226
92684
63468
74199
61195
39516
24722
52154
38182
91838
75418
68374
84387
38943
86826
47658
11194
86891
47869
77780
53114
29358
53631
63199
35773
22966
14036
82878
68171
93261
75850
57578
45793
43552
21715
43241
64619
74259
71465
16264
30959
20574
30180
37259
88180
40371
39472
79066
24094
22367
96432
85349
35455
64855
89659
25287
74042
62478
46174
64686
57148
63460
66509
77103
82660
11701
46798
77106
50951
54588
84798
38734
37364
70157
32597
27541
45017
59176
26232
35780
24174
46794
15550
34158
93579
74270
31158
16595
66797
55160
71562
22882
44183
93618
63520
70247
75705
52790
75323
28834
46221
37718
55923
31313
10273
10060
62487
32844
37323
45342
19269
49129
72575
32075
96599
95686
33966
25746
53089
13371
75153
94686
68280
68246
15018
32326
59179
52897
27283
63747
55294
94476
96626
36382
90093
65190
79933
58142
87351
34241
74629
67583
55526
49324
76040
32377
31157
89023
85578
93875
73090
14506
67670
24379
94282
59767
27954
85071
68174
78966
88850
40376
46581
21319
41259
64223
40710
55128
92552
65963
32893
55199
92007
93777
72053
27451
69575
98991
39231
70136
17285
96044
80520
27556
17101
44001
38610
16751
88814
59220
46982
21385
11412
85801
11308
58259
41531
88038
89204
46330
73259
26045
73980
33139
57559
48146
11539
16617
99461
62987
15156
25029
35456
82926
99330
15091
49692
68734
91601
17248
83667
21175
98841
51298
82722
62877
60793
98585
79988
61928
59413
41010
58321
81370
43634
70291
54403
15776
94122
15371
26813
17951
29821
63051
40846
91245
28535
79241
91328
71945
79444
16101
80881
10171
41347
15857
94064
55739
28826
67552
41157
54137
39926
91044
39597
77992
60668
38096
26808
83791
27708
55775
33219
89441
13207
14266
81419
87376
29654
97347
70982
51148
70464
47808
47824
52867
55251
35753
99228
45332
62390
45857
64042
68403
29798
54688
48013
88841
61126
46846
69607
59865
19450
12249
16372
39388
65112
59678
23281
51272
37835
64345
64621
69860
58839
80065
35625
25512
59198
34827
34710
46997
67252
16724
51025
20394
30258
54768
90431
66277
34610
51509
73757
36520
17811
90824
48978
66899
11240
15363
52734
13395
78145
90251
88128
63679
75700
94420
21142
97818
87996
26291
48556
55123
23262
98137
22455
22446
22504
44320
36464
18037
23672
23595
99730
15773
32705
28814
28520
22575
89049
57271
71215
23348
69840
66468
81106
85345
56313
15029
74051
12144
28533
58235
28336
99780
93636
25635
93083
26174
48304
38100
36682
90655
80921
83937
90644
10897
28321
79983
64897
63729
14067
84813
64546
29202
92470
91150
16738
58096
37645
54090
82436
64876
26523
53118
86789
12721
53201
32258
40346
11074
78599
52518
23414
11273
31688
27842
42739
24448
55016
95064
91351
72620
86983
84828
22217
60451
84973
53868
31245
22484
24978
48435
27004
22223
93836
52798
61038
98593
55387
88455
38634
94702
91565
13124
72878
93182
16501
29028
83525
36089
79721
43765
38373
34690
56411
24199
10117
61296
31709
70623
15060
61138
61904
28696
57124
95012
54493
51732
13493
36504
70893
81221
26416
10845
55986
52639
24461
49777
74682
69282
43527
66689
59010
89970
78295
10295
67943
58993
84039
57362
51815
96782
59362
86502
41143
60716
77712
85219
89813
30320
29952
25218
36854
38961
42617
13462
26053
12907
10188
38931
46609
41798
78378
89131
77728
36606
14823
60108
63606
37618
64440
97910
19146
69458
93892
70275
76245
61334
60119
56972
23015
78852
40100
55349
11365
17576
62828
31272
50401
11137
47570
38905
95094
75523
59145
18852
42249
75545
54655
78321
30546
70725
71524
58052
75950
17654
67250
97260
73944
99677
12778
73789
94879
92957
55293
22164
30841
23818
37882
26463
47223
31166
97906
37246
16352
46445
65532
74331
12753
23883
65985
58627
91167
25951
25707
55159
82446
77746
97575
73187
82509
39084
30146
39324
74608
27026
67284
17892
63713
74079
92035
64609
15669
14345
65903
70533
11513
97496
38727
39424
57325
77946
89619
84626
80052
46634
87342
59771
57542
72635
46159
52347
67272
18993
85500
20288
13669
36084
40840
96487
43449
17627
13705
48810
21606
90583
34090
99514
87761
40588
97939
68525
32711
68534
69424
76959
27437
19681
36905
31126
41819
60566
51349
99396
49980
62912
35759
59018
87201
84554
91052
52763
68899
88960
14401
36214
91480
94871
29993
98986
72384
45675
24354
64563
42509
78874
19651
65999
98120
68768
47146
58677
68585
78485
83217
67525
32337
69329
10777
51707
45982
33575
45511
55702
88780
66786
30974
16859
51217
58643
47579
63282
59159
60103
75662
54957
32217
75021
74080
52949
20402
16402
44269
38338
51125
93070
58166
26076
34300
98068
66012
20991
82517
90746
17446
32528
23531
16947
50450
60662
90589
99023
24711
15370
54654
94684
53175
73697
42614
14997
82007
16014
14550
90487
91430
23228
17804
34635
83545
10494
17770
31510
66862
12904
50090
11019
94410
77477
14312
96078
37449
19962
44548
80693
57745
81188
29301
89229
94972
99237
61172
49556
61871
50034
44442
74525
87164
40753
49146
57470
21713
49647
16526
17117
55502
35357
74541
43351
71048
77256
96158
47952
95764
44966
82908
22568
41575
46799
74809
13698
68023
43070
24867
18669
91693
22034
24386
19843
24863
61969
16850
84138
85252
10587
22404
33617
58844
90316
10912
47880
34166
15115
90598
41617
15053
31169
90763
77681
37992
10017
13361
66534
72388
60624
19263
16358
94921
50938
41271
23031
26417
14279
30259
55934
42713
87288
61475
67556
19995
14998
36453
82928
72747
48189
74029
86892
21865
60952
72016
84079
15212
23685
66597
87611
12613
78266
73238
71509
72041
60915
56857
68087
38767
79902
23301
48096
27682
82705
49526
56002
79075
12561
99532
70314
80268
43170
49406
76618
10855
59392
95946
71856
45377
42425
98426
63874
32745
84996
36654
92705
67824
63322
11146
92143
86145
37398
71068
14494
63122
77144
65247
28074
12890
54015
72330
59960
94371
63117
12406
73576
16401
64270
23128
69462
51155
61925
31189
76706
37751
87627
42129
37577
85919
54624
71195
21443
22294
66548
95108
48660
40646
22421
68984
53685
71084
50072
64771
37626
48699
63341
22585
41281
27760
83873
66031
95376
54680
62769
23161
31580
49012
96403
23270
30905
67101
28086
59307
72841
63602
35265
22295
13258
45842
35518
77355
79239
21063
66253
74869
35399
21361
83972
51121
14840
51825
65125
59221
13682
12355
65488
69509
14800
20331
58116
99806
89934
65175
95433
52671
41669
27798
95750
64051
19693
66374
59330
21569
73466
89553
99679
68895
57321
20610
32373
50661
84489
86981
60352
62032
75708
73647
52352
20123
93590
73765
97397
93559
11524
29174
21236
74392
48290
42111
15855
97638
33041
95975
91761
66047
83007
35601
38382
33884
27871
71602
37272
48395
33146
70033
16077
56724
58922
70482
26580
73479
71877
13606
61107
44727
23785
48989
68796
38319
66525
93357
61314
40434
78462
51983
33322
82476
70606
90692
70645
29766
53964
63675
23068
63310
42493
41802
82160
32250
90728
31734
42080
76808
70964
52416
68526
72800
52954
67506
11692
88116
50718
64928
87536
60577
11435
52809
90411
28906
97985
13333
28196
43227
23893
36070
14099
42648
48400
15975
31443
48493
64719
84902
93981
24480
11134
14211
39887
22803
61160
10346
65852
34526
23096
46486
24063
31483
86867
94009
30397
57157
12722
30970
97973
23692
91536
94234
54475
63650
81524
27926
27366
28167
56622
56282
93059
74620
82338
23693
23678
31108
75070
50991
66817
46146
80737
74107
17037
75468
54408
13696
77180
99789
25372
97383
83602
19699
63211
30117
91184
83416
36535
19079
80318
82808
91675
72899
63452
34802
62235
61933
56084
90435
58192
64209
10881
43907
11501
97600
56126
29903
48731
24821
59679
26479
33313
52163
15723
16870
12536
44882
77281
40396
98795
83478
39276
56371
41117
14829
76241
64929
12456
97622
73352
95424
53599
52562
86028
99052
88883
18371
84108
58796
76359
89144
86231
63176
61847
83192
53401
83382
35653
44346
58275
24489
93060
22412
84601
69471
70889
88784
64023
93382
90826
29181
44249
98549
80464
65108
61546
14328
77390
30303
16543
85631
64238
55303
20073
92348
57069
87313
92338
60666
54642
40344
20968
79976
40337
44792
39359
19090
26107
39382
53260
69405
23150
17881
47729
45968
19289
99542
74476
54959
44550
15326
66203
39094
60365
27015
32487
56127
94594
66833
26388
35944
46884
52459
61194
46308
63847
74445
76973
79351
45969
79187
76195
75816
77141
36613
70677
73342
54791
39728
57128
41413
69060
49477
21576
95862
61036
10029
82508
96177
75260
98151
45909
76679
50456
67517
49075
13700
14034
38666
73829
22136
24534
56602
77860
58051
45059
60888
64912
78710
45585
89176
64137
67520
79627
37903
51895
48790
17125
18577
82672
35128
44021
98746
65484
63301
88083
84836
91603
79013
33567
50703
46862
81047
50897
56159
97279
12634
72131
93129
37341
65170
65665
40865
59913
92583
67680
22396
45491
66186
29300
81545
78790
26725
31094
84329
77621
58641
36872
50526
25347
89771
95476
19029
25171
40110
59058
62265
59332
22640
44431
84303
49321
73293
99877
34355
12838
74619
10397
43717
86264
55266
26227
77755
23026
69124
88636
48539
38779
17572
86483
93589
64935
30869
94591
31507
79845
87660
29221
31204
66002
49155
53245
92417
88078
91805
86423
15553
32992
84088
51542
49020
38449
94228
39039
45740
18540
36483
44533
10141
59408
63809
93192
61109
28265
86075
43002
89408
97765
42159
19632
76804
48319
78460
30876
37631
98762
60990
21032
87975
48796
81305
93989
30442
77744
75016
96904
42719
56397
65407
13776
96977
60931
67960
24806
37035
54884
47376
34681
16756
47000
69053
52296
17849
80142
16511
97598
84413
56202
46167
24151
99299
28518
18592
15829
46018
81061
92489
99368
58765
55072
30980
65834
49675
78330
12372
38249
86948
11363
69759
21643
56553
72452
71813
50438
81021
84463
37437
27377
60751
18937
43204
35999
47749
49408
52160
75777
30428
93011
11174
42584
25099
99051
54213
80309
27781
35033
90623
88517
49233
91657
34459
18898
25497
12891
37279
46556
26858
12410
35296
32670
57126
28255
16701
12307
96438
95153
64147
51536
40790
28212
11375
74906
44618
87954
69464
27572
46660
69187
77088
63906
55673
88370
41520
75969
76477
18092
35886
88039
80696
44549
64200
46482
31476
41622
97670
21699
50784
52638
28910
57005
37515
26222
13546
25629
48596
73107
28166
86709
39130
37544
74771
14608
85281
76866
16185
82761
84822
90399
62112
73281
16202
46602
34889
88758
40388
20391
69833
16618
98637
15063
76021
25422
46927
70457
39478
49342
51777
79223
44826
53882
24622
18553
66778
15995
13890
64610
41321
10620
49187
21621
35086
42064
22120
87135
36355
14191
42820
68784
66100
80300
66316
13042
30522
28069
25643
38238
96938
85811
72729
13377
57348
13381
58972
69623
34735
39567
60964
79932
63082
71507
81627
87296
92852
31263
21339
26789
95365
30790
50497
49997
89899
69097
87058
62139
71486
79720
87157
94580
91451
39092
98891
44759
36887
41780
19856
12511
48311
43048
61978
62023
69554
54806
67344
20650
59534
50419
40517
93436
36829
14676
21060
35442
22454
10310
68504
50231
70542
39862
19922
18407
58731
62165
46337
86453
59561
44309
83419
59683
95628
23482
24400
78323
22388
13245
13597
89944
96865
29328
74317
11205
91617
35067
29206
86303
58426
80955
67175
86199
19989
80079
68440
66228
42952
82223
20761
51789
40499
54559
85346
13380
91954
79728
54038
68840
43277
25609
29367
41612
33018
18746
90164
73837
97441
61325
59599
80449
77409
46516
91622
14530
10967
31543
93773
14205
18517
24161
67942
11302
55779
51170